
VASEmethod[EllipsometerType=4, Isotropic, FixedPol=45.00, ZoneAve=1, Revs=200, WVASE=3.826, HardVer=17.034, Mon Feb 20 15:35:40 2017]
Original[170220_zno_3k.dat]
eV
5.030387	65.000000	12.900525	62.682011	0.0392872	0.218591
4.998222	65.000000	12.15999	64.919785	0.0380677	0.232372
4.966466	65.000000	11.375091	66.916519	0.0369094	0.248815
4.935110	65.000000	10.523297	68.6688	0.035025	0.263377
4.904146	65.000000	9.5616407	70.482491	0.0345216	0.295845
4.873568	65.000000	8.5777617	71.679108	0.0332805	0.327061
4.843369	65.000000	7.6375375	72.558426	0.0329896	0.373632
4.813541	65.000000	6.669241	73.57093	0.0325713	0.43405
4.784078	65.000000	5.6023116	72.542725	0.032931	0.523961
4.754972	65.000000	4.4975462	70.658134	0.0332622	0.652658
4.726219	65.000000	3.3461692	66.555885	0.0343113	0.860663
4.697810	65.000000	2.453258	53.665302	0.0378522	1.0366
4.669741	65.000000	1.8990153	24.000757	0.0536102	1.08985
4.642004	65.000000	1.9585886	-10.886509	0.0633199	1.03542
4.614595	65.000000	2.9368131	-33.357979	0.0520564	0.804892
4.587507	65.000000	4.1353383	-42.395477	0.0507743	0.665444
4.560735	65.000000	5.5598149	-45.277908	0.0535315	0.548026
4.534273	65.000000	6.9048114	-46.666779	0.0548656	0.462878
4.508116	65.000000	8.4742937	-44.947502	0.0604422	0.400019
4.482259	65.000000	10.068075	-43.589119	0.0671256	0.364298
4.456696	65.000000	11.690968	-41.569527	0.0720052	0.322991
4.431423	65.000000	13.231677	-38.904125	0.0779321	0.297379
4.406435	65.000000	14.761759	-35.558273	0.0869229	0.277167
4.381727	65.000000	16.137722	-32.719929	0.0938557	0.264343
4.357294	65.000000	17.730608	-29.290922	0.104857	0.255137
4.333132	65.000000	19.174688	-25.457224	0.112381	0.238978
4.309236	65.000000	20.660681	-21.128532	0.121805	0.229723
4.285602	65.000000	22.057131	-17.719465	0.129293	0.21961
4.262225	65.000000	23.119051	-13.259421	0.136669	0.214731
4.239102	65.000000	24.369902	-8.8332787	0.142779	0.209628
4.216228	65.000000	25.189728	-4.8451991	0.146065	0.205329
4.193600	65.000000	25.670527	-0.0025842502	0.148977	0.207634
4.171213	65.000000	26.721519	3.8653586	0.1568	0.213354
4.149064	65.000000	27.198967	7.9923768	0.150396	0.208776
4.127149	65.000000	27.546316	11.697553	0.150026	0.213017
4.105463	65.000000	27.575142	15.50396	0.151681	0.222997
4.084005	65.000000	28.076294	19.331497	0.152851	0.231857
4.062769	65.000000	28.015734	23.394485	0.150761	0.242478
4.041753	65.000000	28.085915	26.683784	0.146003	0.242383
4.020953	65.000000	27.869791	30.23003	0.146757	0.25862
4.000366	65.000000	27.70924	33.609722	0.143041	0.264332
3.979989	65.000000	27.558361	36.80975	0.141438	0.272329
3.959818	65.000000	27.222702	39.858204	0.138441	0.279137
3.939851	65.000000	27.233931	42.878246	0.136547	0.286301
3.920083	65.000000	26.836283	45.395592	0.133953	0.291288
3.900514	65.000000	26.429056	48.30761	0.126024	0.287091
3.881138	65.000000	26.004595	50.626034	0.125913	0.297713
3.861954	65.000000	26.280313	53.445992	0.124238	0.300018
3.842959	65.000000	25.224535	56.127884	0.118768	0.302933
3.824150	65.000000	24.768303	57.884155	0.117787	0.310778
3.805523	65.000000	24.587187	60.719147	0.11873	0.321497
3.787078	65.000000	24.170853	62.240948	0.117072	0.325225
3.768810	65.000000	23.919058	64.162262	0.114464	0.326095
3.750718	65.000000	23.500519	66.00042	0.109063	0.319474
3.732799	65.000000	23.110031	68.524857	0.107659	0.323493
3.715050	65.000000	22.674812	69.810852	0.104666	0.323323
3.697469	65.000000	22.130543	72.225632	0.106785	0.341637
3.680054	65.000000	21.80085	73.419243	0.103681	0.336178
3.662802	65.000000	21.543446	74.927696	0.101271	0.332527
3.645711	65.000000	21.253792	76.442245	0.101832	0.340831
3.628778	65.000000	20.932688	78.126007	0.101284	0.34528
3.612003	65.000000	20.751982	78.475601	0.0986799	0.337291
3.595382	65.000000	20.517492	79.938774	0.100119	0.344623
3.578913	65.000000	20.624453	80.726135	0.100182	0.342465
3.562594	65.000000	20.339512	82.28524	0.10024	0.348701
3.546424	65.000000	20.590425	82.316612	0.097895	0.334578
3.530400	65.000000	20.883823	83.814697	0.0973479	0.324974
3.514520	65.000000	21.586014	85.453911	0.0933009	0.300536
3.498782	65.000000	22.219906	88.000595	0.0949263	0.297783
3.483185	65.000000	23.028273	90.213799	0.0921088	0.279097
3.467726	65.000000	24.007347	94.124016	0.0866199	0.250046
3.452404	65.000000	25.022686	97.721512	0.0783403	0.215704
3.437217	65.000000	25.97057	102.23463	0.0710155	0.188204
3.422163	65.000000	26.95013	106.48201	0.0650621	0.166352
3.407240	65.000000	27.667282	111.34902	0.0603942	0.149882
3.392447	65.000000	27.981138	117.00192	0.0577276	0.140114
3.377782	65.000000	28.413177	122.54298	0.0526262	0.124651
3.363244	65.000000	28.503677	127.99931	0.0537306	0.125776
3.348830	65.000000	28.520269	133.95163	0.0618471	0.142672
3.334539	65.000000	28.208828	139.71867	0.0817967	0.187921
3.320370	65.000000	27.933672	145.66162	0.116033	0.266154
3.306321	65.000000	27.463753	150.39055	0.148768	0.354295
3.292390	65.000000	27.064014	157.46988	0.113404	0.269253
3.278576	65.000000	26.808104	162.33978	0.0732316	0.173363
3.264878	65.000000	26.470455	166.63072	0.0542521	0.129202
3.251294	65.000000	26.174467	171.19666	0.0478629	0.114483
3.237823	65.000000	25.884958	175.8692	0.0441903	0.108262
3.224463	65.000000	25.638599	180.76405	0.0425724	0.106985
3.211213	65.000000	25.498758	185.38582	0.04145	0.105783
3.198071	65.000000	25.378542	189.64778	0.0398762	0.101857
3.185037	65.000000	25.243662	193.6364	0.0393329	0.100392
3.172108	65.000000	25.192455	197.65778	0.0380696	0.0979061
3.159285	65.000000	25.099077	201.46776	0.0365301	0.0956032
3.146564	65.000000	25.152021	205.10448	0.0357461	0.0946236
3.133946	65.000000	25.210857	208.75014	0.0345536	0.0918142
3.121429	65.000000	25.2712	212.33844	0.0342421	0.0903938
3.109011	65.000000	25.411833	215.54498	0.0327105	0.0854444
3.096693	65.000000	25.530613	218.49947	0.0327873	0.085262
3.084471	65.000000	25.719944	221.48787	0.0330425	0.085786
3.072346	65.000000	25.87373	224.50766	0.0324867	0.0842657
3.060316	65.000000	26.073999	227.35704	0.0317498	0.081908
3.048379	65.000000	26.411291	230.04993	0.0310438	0.0790545
3.036536	65.000000	26.579069	232.51236	0.0310515	0.0783196
3.024785	65.000000	26.922468	234.93756	0.0309207	0.0769979
3.013124	65.000000	27.184139	237.33961	0.0303819	0.0749864
3.001553	65.000000	27.477272	239.37671	0.0296697	0.072517
2.990070	65.000000	27.779366	241.4509	0.0295024	0.0714201
2.978676	65.000000	28.185696	243.40015	0.0295827	0.0706911
2.967368	65.000000	28.530909	245.46199	0.0296653	0.0701125
2.956146	65.000000	28.943718	247.29781	0.0282343	0.0660588
2.945008	65.000000	29.29888	248.81662	0.0282948	0.0656918
2.933954	65.000000	29.669296	250.32529	0.0273049	0.0628481
2.922983	65.000000	30.115021	251.71153	0.0273879	0.0623318
2.912094	65.000000	30.60821	253.15919	0.0270769	0.0608936
2.901286	65.000000	31.088676	254.45566	0.0274425	0.0610338
2.890558	65.000000	31.61919	255.7438	0.0268825	0.0591689
2.879909	65.000000	32.123829	256.92206	0.0261345	0.0571021
2.869339	65.000000	32.69334	257.87009	0.0262133	0.0568975
2.858846	65.000000	33.254593	258.88205	0.027027	0.058272
2.848429	65.000000	33.890682	259.73712	0.0269818	0.0577027
2.838089	65.000000	34.507427	260.53384	0.0269599	0.0571373
2.827823	65.000000	35.175198	261.17468	0.0271258	0.0569956
2.817631	65.000000	35.920315	261.89136	0.026816	0.0558579
2.807513	65.000000	36.750904	262.49405	0.0259064	0.0535574
2.797468	65.000000	37.531456	262.94827	0.0257592	0.0529723
2.787494	65.000000	38.31266	263.3074	0.0268679	0.0549985
2.777592	65.000000	39.309006	263.7218	0.0267805	0.0544925
2.767759	65.000000	40.214893	264.01962	0.0266153	0.0539011
2.757996	65.000000	41.242653	264.14206	0.027353	0.055148
2.748302	65.000000	42.292744	264.19403	0.0277781	0.0558179
2.738676	65.000000	43.49929	264.29581	0.0283594	0.056852
2.729118	65.000000	44.761368	264.32248	0.0289767	0.058031
2.719626	65.000000	46.075054	264.15649	0.0295447	0.0591998
2.710199	65.000000	47.443733	263.99942	0.0295911	0.0594188
2.700839	65.000000	48.895111	263.71597	0.0303247	0.061176
2.691543	65.000000	50.50758	263.28345	0.0309479	0.0629609
2.682310	65.000000	52.184692	262.84222	0.0308664	0.0635271
2.673142	65.000000	53.932026	262.24341	0.0310634	0.0649001
2.664035	65.000000	55.77763	261.35785	0.0318405	0.0677981
2.654991	65.000000	57.661213	260.60587	0.0333529	0.072677
2.646008	65.000000	59.764805	259.63962	0.0337061	0.0758318
2.637086	65.000000	61.898914	258.13748	0.034905	0.0819789
2.628224	65.000000	64.166359	256.56644	0.0361647	0.0899226
2.619422	65.000000	66.410583	254.45171	0.0373355	0.099597
2.610678	65.000000	68.869835	251.97673	0.0371242	0.108433
2.601993	65.000000	71.282967	248.52115	0.0369952	0.119894
2.593365	65.000000	73.763275	244.27818	0.0369889	0.135749
2.584795	65.000000	76.176346	238.10585	0.0379018	0.161313
2.576281	65.000000	78.334991	229.845	0.037297	0.187574
2.567824	65.000000	80.29567	217.17961	0.0369684	0.227062
2.559422	65.000000	81.699181	199.56331	0.0338876	0.249761
2.551075	65.000000	82.056824	179.55782	0.0320837	0.248386
2.542782	65.000000	81.567909	161.43683	0.0325074	0.232026
2.534544	65.000000	80.134712	145.01427	0.0339365	0.202686
2.526358	65.000000	78.171379	133.20253	0.0343159	0.171063
2.518226	65.000000	76.038582	125.4647	0.0341608	0.145919
2.510146	65.000000	73.856682	119.95705	0.0326316	0.122256
2.502118	65.000000	71.584572	115.7712	0.0319768	0.106589
2.494141	65.000000	69.398155	112.70292	0.0313075	0.094628
2.486215	65.000000	67.21376	110.09865	0.0302009	0.083988
2.478339	65.000000	65.090469	108.10951	0.0291694	0.0758468
2.470513	65.000000	63.093204	106.44609	0.0274421	0.0676776
2.462737	65.000000	61.196655	105.09283	0.0272829	0.064544
2.455010	65.000000	59.351826	103.83322	0.0266086	0.0607743
2.447331	65.000000	57.642551	103.02757	0.0254256	0.0564217
2.439700	65.000000	55.973064	102.10895	0.0243378	0.0526655
2.432117	65.000000	54.443649	101.43085	0.0242894	0.0515
2.424581	65.000000	52.938835	100.83666	0.0233981	0.0487415
2.417092	65.000000	51.609066	100.26537	0.0226432	0.0465563
2.409649	65.000000	50.295822	99.83165	0.0218233	0.0444094
2.402252	65.000000	49.072987	99.389778	0.0211401	0.0427009
2.394900	65.000000	47.88398	99.017128	0.0202733	0.04074
2.387594	65.000000	46.780796	98.771896	0.0193679	0.0387903
2.380332	65.000000	45.751244	98.523941	0.0189239	0.0378272
2.373114	65.000000	44.818665	98.394127	0.0190315	0.0380252
2.365940	65.000000	43.896305	98.132271	0.0185653	0.0371131
2.358809	65.000000	43.030006	98.075165	0.0178299	0.035702
2.351722	65.000000	42.153629	97.966133	0.0178243	0.0357937
2.344677	65.000000	41.398087	97.975365	0.017131	0.034523
2.337674	65.000000	40.63731	97.948639	0.017083	0.0345798
2.330713	65.000000	39.907997	97.978546	0.01617	0.0328953
2.323794	65.000000	39.227306	98.000969	0.0158087	0.0323313
2.316916	65.000000	38.589512	98.13501	0.0154932	0.0318567
2.310078	65.000000	38.021332	98.211815	0.0149013	0.0308035
2.303281	65.000000	37.422401	98.339279	0.0146554	0.0304876
2.296525	65.000000	36.8685	98.474426	0.0143232	0.0299897
2.289807	65.000000	36.337891	98.684647	0.0137628	0.0290209
2.283129	65.000000	35.846104	98.905113	0.0137205	0.0291423
2.276490	65.000000	35.346905	99.10923	0.0139948	0.0299665
2.269890	65.000000	34.893761	99.392464	0.0134098	0.0289318
2.263328	65.000000	34.421101	99.622215	0.0143006	0.0311114
2.256804	65.000000	33.995644	99.907318	0.0155894	0.0341669
2.250318	65.000000	33.485584	100.30215	0.0189423	0.0418791
2.243869	65.000000	32.96743	100.76134	0.0215102	0.047985
2.237457	65.000000	32.548237	101.07253	0.0187981	0.0422548
2.231082	65.000000	32.279121	101.39532	0.0157674	0.0356027
2.224743	65.000000	31.997362	101.64644	0.0137744	0.0312726
2.218440	65.000000	31.7085	101.98201	0.0127994	0.0292281
2.212174	65.000000	31.404305	102.35729	0.0121718	0.0279843
2.205942	65.000000	31.095266	102.70629	0.0119844	0.0277652
2.199746	65.000000	30.76796	103.15126	0.0118956	0.0277918
2.193584	65.000000	30.442884	103.61462	0.0118928	0.0280333
2.187457	65.000000	30.143078	104.10202	0.0118428	0.0281416
2.181365	65.000000	29.831137	104.576	0.0115056	0.0275796
2.175306	65.000000	29.530413	105.04265	0.0111426	0.0269271
2.169282	65.000000	29.262041	105.58136	0.0110461	0.0268654
2.163290	65.000000	28.979166	106.08643	0.0105654	0.0258768
2.157332	65.000000	28.708851	106.62531	0.0106118	0.0261502
2.151407	65.000000	28.434341	107.20552	0.0101054	0.0250504
2.145514	65.000000	28.191393	107.65021	0.00978372	0.0243833
2.139654	65.000000	27.953459	108.25632	0.00979983	0.0245397
2.133825	65.000000	27.710978	108.8243	0.00973674	0.0245269
2.128029	65.000000	27.479425	109.31319	0.00971603	0.0246281
2.122264	65.000000	27.248543	109.93678	0.00977065	0.0249192
2.116531	65.000000	27.03824	110.49768	0.00955394	0.0245204
2.110828	65.000000	26.8153	111.09085	0.00953783	0.0246417
2.105157	65.000000	26.587923	111.70181	0.00974815	0.0253591
2.099515	65.000000	26.384203	112.3541	0.00971512	0.0254187
2.093904	65.000000	26.144688	112.95323	0.00951006	0.0250543
2.088324	65.000000	25.943068	113.66766	0.00938051	0.0248339
2.082773	65.000000	25.711367	114.3115	0.00933222	0.0248524
2.077252	65.000000	25.511984	114.95521	0.00924498	0.0247207
2.071760	65.000000	25.312386	115.66393	0.00928837	0.0249379
2.066297	65.000000	25.100231	116.36456	0.00931562	0.0251219
2.060863	65.000000	24.906717	117.01563	0.00922307	0.0249548
2.055458	65.000000	24.716589	117.69593	0.00905167	0.0245678
2.050081	65.000000	24.545834	118.39382	0.00915464	0.024902
2.044732	65.000000	24.368576	119.10883	0.00898271	0.0245015
2.039412	65.000000	24.181549	119.7843	0.00875217	0.0239637
2.034119	65.000000	24.006498	120.5144	0.00903173	0.0247853
2.028854	65.000000	23.837311	121.22748	0.00902656	0.0248331
2.023616	65.000000	23.670794	121.96684	0.00883212	0.0243605
2.018405	65.000000	23.483208	122.73353	0.0087784	0.0242844
2.013221	65.000000	23.325974	123.47202	0.00882096	0.0244411
2.008064	65.000000	23.148678	124.2944	0.00878341	0.0243661
2.002933	65.000000	22.974417	125.04324	0.00883007	0.0245264
1.997829	65.000000	22.82008	125.82979	0.00875848	0.0243373
1.992751	65.000000	22.647079	126.64046	0.00883705	0.02458
1.987698	65.000000	22.514338	127.3522	0.0088902	0.0247054
1.982672	65.000000	22.34297	128.13638	0.00869211	0.0241763
1.977671	65.000000	22.181959	128.94829	0.00848863	0.0236102
1.972695	65.000000	22.042292	129.74695	0.00870148	0.0241818
1.967744	65.000000	21.901354	130.57666	0.00874983	0.0242892
1.962819	65.000000	21.751741	131.38828	0.0085102	0.0236063
1.957918	65.000000	21.602953	132.22397	0.00853791	0.0236809
1.953041	65.000000	21.461861	133.03078	0.00859208	0.023778
1.948190	65.000000	21.336517	133.83774	0.00876403	0.0241908
1.943362	65.000000	21.185429	134.63939	0.00850686	0.023438
1.938558	65.000000	21.06242	135.52376	0.00825202	0.0226361
1.933778	65.000000	20.910355	136.34599	0.00836463	0.02288
1.929022	65.000000	20.789177	137.17313	0.00848273	0.0230765
1.924289	65.000000	20.677675	138.03009	0.00836895	0.0226452
1.919580	65.000000	20.550127	138.95815	0.00848926	0.0228129
1.914894	65.000000	20.422728	139.82402	0.00851847	0.0227552
1.910231	65.000000	20.292747	140.70847	0.00844201	0.0224283
1.905590	65.000000	20.179821	141.59137	0.00854738	0.0225616
1.900973	65.000000	20.055616	142.52437	0.00834432	0.0218882
1.896377	65.000000	19.913202	143.6049	0.00800814	0.0208407
1.891804	65.000000	19.785934	144.60272	0.00703264	0.0181623
1.887253	65.000000	19.707296	145.27579	0.00691146	0.0177499
1.882725	65.000000	19.625187	145.99352	0.00734389	0.0188117
1.878218	65.000000	19.525217	146.85863	0.0079976	0.0204352
1.873733	65.000000	19.427078	147.80743	0.0082831	0.0210849
1.869269	65.000000	19.305109	148.70322	0.00845373	0.021396
1.864827	65.000000	19.207956	149.6382	0.00825721	0.0207752
1.860405	65.000000	19.116484	150.53304	0.00843865	0.0210641
1.856006	65.000000	19.031569	151.45937	0.00841255	0.0208249
1.851626	65.000000	18.939964	152.37196	0.00854314	0.0209723
1.847268	65.000000	18.844641	153.27122	0.0083992	0.0203973
1.842930	65.000000	18.754728	154.22444	0.00845835	0.0203219
1.838613	65.000000	18.68487	155.11154	0.00857818	0.0203433
1.834316	65.000000	18.618071	156.05341	0.00870501	0.020379
1.830040	65.000000	18.51219	157.00511	0.0086243	0.0199663
1.825783	65.000000	18.435255	157.93993	0.0087287	0.0199661
1.821546	65.000000	18.360947	158.90466	0.00878783	0.0198784
1.817329	65.000000	18.294258	159.82094	0.00892527	0.0199449
1.813132	65.000000	18.221378	160.7639	0.00891922	0.0197375
1.808954	65.000000	18.15247	161.69621	0.00864554	0.0189679
1.804796	65.000000	18.095848	162.64838	0.00875483	0.0190577
1.800657	65.000000	18.017557	163.57793	0.00885488	0.0191565
1.796537	65.000000	17.962696	164.51546	0.008714	0.0187478
1.792436	65.000000	17.901608	165.46529	0.00889849	0.0190347
1.788354	65.000000	17.83246	166.40236	0.00904632	0.0192821
1.784290	65.000000	17.798456	167.35675	0.00885927	0.0187702
1.780245	65.000000	17.742935	168.27159	0.00868422	0.0183059
1.776219	65.000000	17.702068	169.20421	0.00904303	0.0189462
1.772211	65.000000	17.653948	170.14177	0.00899544	0.0187381
1.768221	65.000000	17.601923	171.08344	0.00879222	0.0182094
1.764249	65.000000	17.548397	172.04189	0.00906116	0.0186154
1.760295	65.000000	17.499876	172.98433	0.00909418	0.0185394
1.756359	65.000000	17.456816	173.90942	0.00909102	0.0183729
1.752441	65.000000	17.439165	174.8705	0.0091966	0.018402
1.748540	65.000000	17.394398	175.77994	0.00929573	0.0184424
1.744657	65.000000	17.372635	176.73843	0.00919102	0.0180567
1.740791	65.000000	17.330927	177.64859	0.00948847	0.0184876
1.736943	65.000000	17.330093	178.61183	0.00934078	0.0180585
1.733111	65.000000	17.288803	179.54216	0.00939223	0.0180741
1.729297	65.000000	17.277426	180.44946	0.00939848	0.01798
1.725500	65.000000	17.251047	181.42665	0.00942273	0.0179768
1.721719	65.000000	17.229347	182.29973	0.00960883	0.018317
1.717955	65.000000	17.197701	183.20697	0.00962718	0.0183837
1.714208	65.000000	17.189857	184.16681	0.00957462	0.0183206
1.710477	65.000000	17.185871	185.07272	0.00957583	0.0183979
1.706762	65.000000	17.162603	185.92334	0.00944364	0.0182252
1.703064	65.000000	17.156752	186.81113	0.00944469	0.0183339
1.699382	65.000000	17.158716	187.7075	0.010333	0.0201761
1.695716	65.000000	17.128914	188.60449	0.011622	0.0228637
1.692066	65.000000	17.128563	189.51413	0.0142736	0.0282164
1.688432	65.000000	17.117022	190.74936	0.0132136	0.0264343
1.684814	65.000000	17.121952	191.34853	0.010652	0.0214438
1.681211	65.000000	17.14666	192.03787	0.00966555	0.0195107
1.677624	65.000000	17.156633	192.75336	0.00953854	0.0193598
1.674052	65.000000	17.143545	193.67024	0.00950831	0.0194462
1.670495	65.000000	17.153307	194.52087	0.00947422	0.0194768
1.666954	65.000000	17.165403	195.39803	0.00929184	0.0192199
1.663428	65.000000	17.181093	196.27803	0.00945857	0.0196608
1.659917	65.000000	17.188499	197.06956	0.00924231	0.0193115
1.656421	65.000000	17.196821	197.91464	0.00952563	0.0200269
1.652940	65.000000	17.21913	198.74817	0.00942733	0.0199593
1.649474	65.000000	17.217642	199.65198	0.00929961	0.0198589
1.646022	65.000000	17.243973	200.47075	0.00922045	0.0198172
1.642585	65.000000	17.270994	201.3026	0.00927408	0.0200729
1.639163	65.000000	17.301296	202.08856	0.00930812	0.0202897
1.635755	65.000000	17.300869	202.89658	0.00920516	0.0202919
1.632361	65.000000	17.347673	203.71046	0.00922897	0.0205431
1.628981	65.000000	17.360706	204.53223	0.00918661	0.0207004
1.625616	65.000000	17.377241	205.31297	0.00910991	0.0207673
1.622264	65.000000	17.409649	206.14903	0.00922251	0.0212727
1.618927	65.000000	17.44207	206.90056	0.00922498	0.021507
1.615603	65.000000	17.479387	207.74062	0.00915737	0.021645
1.612294	65.000000	17.503992	208.54251	0.00908496	0.0217309
1.608998	65.000000	17.549414	209.26207	0.00908862	0.02196
1.605715	65.000000	17.585316	210.0835	0.00898247	0.0219693
1.602446	65.000000	17.614246	210.79883	0.00927389	0.0229393
1.599191	65.000000	17.636244	211.50139	0.00913298	0.0228481
1.595949	65.000000	17.672203	212.31795	0.00905137	0.022923
1.592720	65.000000	17.719088	213.03383	0.00914708	0.0234069
1.589505	65.000000	17.76774	213.73955	0.00905794	0.0233813
1.586303	65.000000	17.801167	214.47307	0.0092016	0.0239825
1.583113	65.000000	17.833479	215.19008	0.00895541	0.0236087
1.579937	65.000000	17.873947	215.89601	0.00861759	0.0229319
1.576774	65.000000	17.935915	216.57997	0.00898098	0.0240842
1.573623	65.000000	17.973797	217.22737	0.00925667	0.0250169
1.570485	65.000000	18.028605	217.97629	0.00955933	0.0260861
1.567360	65.000000	18.081856	218.68666	0.00910853	0.0250955
1.564248	65.000000	18.110859	219.31677	0.00884185	0.0245459
1.561148	65.000000	18.186476	220.00777	0.009177	0.0256281
1.558060	65.000000	18.219648	220.68385	0.00916297	0.0258605
1.554985	65.000000	18.261648	221.36174	0.00906936	0.0258132
1.551922	65.000000	18.33182	221.98561	0.00931689	0.0266782
1.548872	65.000000	18.363354	222.62253	0.00937859	0.0271048
1.545833	65.000000	18.432194	223.27493	0.00935003	0.0272285
1.542807	65.000000	18.464127	223.86974	0.00905069	0.0265834
1.539793	65.000000	18.532675	224.56267	0.00952178	0.0281869
1.536790	65.000000	18.576481	225.07695	0.00944462	0.0281539
1.533800	65.000000	18.629396	225.75253	0.00927557	0.0278537
1.530821	65.000000	18.682211	226.44057	0.00959908	0.0290833
1.527854	65.000000	18.754723	227.06317	0.00946228	0.0288377
1.524899	65.000000	18.804777	227.46141	0.009448	0.0289215
1.521955	65.000000	18.862459	228.14848	0.00976187	0.0301508
1.519023	65.000000	18.913046	228.70636	0.00950178	0.0295338
1.516103	65.000000	18.979002	229.27589	0.00968045	0.0302488
1.513194	65.000000	19.038767	229.97511	0.00970038	0.0305755
1.510296	65.000000	19.10858	230.46405	0.00973956	0.030793
1.507409	65.000000	19.163437	230.93565	0.00991735	0.0315361
1.504534	65.000000	19.213657	231.52037	0.00960171	0.0307176
1.501670	65.000000	19.281282	232.20662	0.0097896	0.0315132
1.498816	65.000000	19.332706	232.67975	0.00971876	0.031444
1.495974	65.000000	19.375818	233.19543	0.00996412	0.0324353
1.493143	65.000000	19.454901	233.69168	0.0098247	0.0320962
1.490323	65.000000	19.509724	234.27473	0.00993332	0.0326049
1.487514	65.000000	19.581432	234.79559	0.0101382	0.033406
1.484715	65.000000	19.65156	235.26213	0.0102722	0.0339499
1.481927	65.000000	19.713226	235.77202	0.0104439	0.0346532
1.479150	65.000000	19.783432	236.36769	0.0107165	0.0357192
1.476383	65.000000	19.83704	236.84038	0.0103247	0.0345912
1.473627	65.000000	19.902719	237.30884	0.0105036	0.0352649
1.470882	65.000000	19.972887	237.81209	0.0108746	0.0366518
1.468146	65.000000	20.049837	238.25816	0.0108344	0.0365996
1.465422	65.000000	20.133263	238.80428	0.0106436	0.0360434
1.462707	65.000000	20.187492	239.21254	0.0111474	0.0378551
1.460003	65.000000	20.234579	239.73932	0.0112308	0.0383198
1.457309	65.000000	20.290216	240.13872	0.0111201	0.0380338
1.454625	65.000000	20.369205	240.61404	0.0112147	0.0384481
1.451951	65.000000	20.454245	241.09135	0.0115069	0.0394842
1.449287	65.000000	20.521358	241.59566	0.011221	0.0386202
1.446633	65.000000	20.589308	242.00771	0.0112302	0.0386827
1.443989	65.000000	20.64097	242.50705	0.0117617	0.0406823
1.441356	65.000000	20.669933	242.88802	0.0119116	0.0413583
1.438731	65.000000	20.780519	243.23909	0.0117204	0.0406141
1.436117	65.000000	20.840034	243.66858	0.0118715	0.0412121
1.433512	65.000000	20.91832	244.05548	0.0120449	0.0418224
1.430917	65.000000	20.989933	244.47583	0.0122498	0.0425671
1.428332	65.000000	21.094002	244.99011	0.0121959	0.0423834
1.425755	65.000000	21.127983	245.37691	0.0122664	0.0427037
1.423189	65.000000	21.184542	245.78429	0.0121964	0.0425283
1.420632	65.000000	21.269272	246.15361	0.0120754	0.0420658
1.418085	65.000000	21.309418	246.655	0.0128676	0.0449727
1.415546	65.000000	21.413095	246.98389	0.0127227	0.0443745
1.413017	65.000000	21.484722	247.30374	0.0125245	0.043641
1.410498	65.000000	21.569038	247.72177	0.0122017	0.0424799
1.407987	65.000000	21.583712	248.0659	0.0130692	0.0456572
1.405486	65.000000	21.699614	248.60078	0.0136733	0.0477038
1.402994	65.000000	21.754742	248.89026	0.0132679	0.0462892
1.400511	65.000000	21.807619	249.20097	0.013523	0.0472083
1.398036	65.000000	21.945162	249.60254	0.0136314	0.0473601
1.395571	65.000000	21.973137	250.05637	0.0136173	0.0474738
1.393115	65.000000	22.03787	250.33188	0.0135507	0.0472042
1.390667	65.000000	22.13307	250.67639	0.0134865	0.0468848
1.388229	65.000000	22.189421	251.0589	0.0134937	0.0469373
1.385799	65.000000	22.247124	251.38815	0.0142963	0.049715
1.383378	65.000000	22.345554	251.68399	0.0144435	0.0500695
1.380966	65.000000	22.399448	252.04062	0.0146726	0.0509031
1.378562	65.000000	22.466606	252.459	0.0148905	0.0516441
1.376167	65.000000	22.545528	252.71454	0.0154436	0.0534789
1.373780	65.000000	22.636816	253.07118	0.0149174	0.051552
1.371402	65.000000	22.718594	253.32942	0.0152241	0.0524796
1.369032	65.000000	22.784927	253.75699	0.0154537	0.0532834
1.366671	65.000000	22.859539	254.02654	0.0156233	0.0537708
1.364318	65.000000	22.924803	254.34303	0.0157327	0.054092
1.361974	65.000000	22.998003	254.6209	0.0162076	0.0556101
1.359638	65.000000	23.051533	255.01585	0.0160751	0.0551773
1.357310	65.000000	23.164385	255.28038	0.0163479	0.0558723
1.354990	65.000000	23.22867	255.64058	0.016076	0.0548747
1.352679	65.000000	23.310055	255.90298	0.0161784	0.055098
1.350375	65.000000	23.388435	256.16388	0.0167646	0.0569534
1.348080	65.000000	23.442768	256.48386	0.017211	0.0584065
1.345793	65.000000	23.509758	256.74042	0.0173714	0.058831
1.343513	65.000000	23.612213	257.04584	0.0183263	0.0618278
1.341242	65.000000	23.632597	257.30362	0.0184215	0.0621984
1.338978	65.000000	23.777739	257.6618	0.0187666	0.0629527
1.336723	65.000000	23.849409	257.90436	0.0192018	0.0642608
1.334475	65.000000	23.880493	258.1463	0.0190723	0.0638453
1.332236	65.000000	24.041473	258.46466	0.0195855	0.0650244
1.330003	65.000000	24.025663	258.56387	0.020506	0.0682305
1.327779	65.000000	24.128475	258.84021	0.0217186	0.0719461
1.325562	65.000000	24.241316	258.97891	0.0228763	0.0753602
1.323354	65.000000	24.3211	259.32141	0.0243991	0.0801791
1.321152	65.000000	24.410498	259.42224	0.0262347	0.0858155
1.318958	65.000000	24.415989	259.75797	0.028309	0.0927635
1.316772	65.000000	24.51705	259.91589	0.0292176	0.0953346
1.314593	65.000000	24.63526	260.25302	0.0304107	0.0987594
1.312422	65.000000	24.74518	260.52377	0.0300526	0.0971769
1.310258	65.000000	24.744465	260.83322	0.0308926	0.100027
1.308102	65.000000	24.872276	261.12061	0.0297004	0.095682
1.305953	65.000000	24.999224	261.48492	0.0292713	0.0937604
1.303811	65.000000	25.055872	261.58118	0.0286695	0.0916538
1.301677	65.000000	25.056618	261.83615	0.0283141	0.0906583
1.299549	65.000000	25.23667	262.06085	0.0290227	0.0920935
1.297430	65.000000	25.338139	262.36874	0.0288648	0.091247
1.295317	65.000000	25.382107	262.53638	0.0287639	0.0907911
1.293211	65.000000	25.469044	262.81583	0.0293693	0.0924093
1.291113	65.000000	25.471344	263.01257	0.0284809	0.0897045
1.289021	65.000000	25.63349	263.26947	0.028405	0.088808
1.286937	65.000000	25.656759	263.50879	0.0284752	0.0890232
1.284859	65.000000	25.828339	263.71332	0.0289827	0.0898626
1.282789	65.000000	25.828686	263.94952	0.0285048	0.0885056
1.280726	65.000000	25.95649	264.233	0.0284859	0.0879528
1.278669	65.000000	26.019377	264.38126	0.0283707	0.0873833
1.276620	65.000000	26.087158	264.71609	0.0291113	0.0894741
1.274577	65.000000	26.162746	264.82196	0.0296105	0.0907017
1.272541	65.000000	26.315147	264.93683	0.0311786	0.0948219
1.270512	65.000000	26.252539	265.24048	0.0312355	0.095383
1.268489	65.000000	26.471886	265.49109	0.0319775	0.0966809
1.266474	65.000000	26.53949	265.63611	0.0321264	0.0968268
1.264465	65.000000	26.65477	265.86966	0.0321877	0.0965245
1.262462	65.000000	26.644598	266.13782	0.0327359	0.0983308
1.260467	65.000000	26.778069	266.21341	0.0330149	0.0985601
1.258478	65.000000	26.831516	266.47488	0.0337278	0.100495
1.256495	65.000000	26.889801	266.60992	0.0346548	0.103009
1.254519	65.000000	26.943695	266.79117	0.0353261	0.104778
1.252550	65.000000	27.084141	266.87155	0.0370195	0.109095
1.250587	65.000000	27.114437	267.172	0.0380575	0.112061
1.248630	65.000000	27.275974	267.2066	0.0365294	0.106762
1.246680	65.000000	27.290211	267.50345	0.0377713	0.110383
1.244737	65.000000	27.383526	267.67126	0.0390271	0.113582
1.242799	65.000000	27.455574	267.95892	0.0391244	0.113537
1.240868	65.000000	27.647287	267.85077	0.0403259	0.116007
5.030387	70.000000	16.00799	36.13422	0.0384006	0.120556
4.998222	70.000000	15.166932	35.470497	0.0373647	0.122021
4.966466	70.000000	14.436656	34.427155	0.0361747	0.121609
4.935110	70.000000	13.711473	32.909744	0.0367487	0.126561
4.904146	70.000000	12.980255	30.861727	0.0378455	0.132761
4.873568	70.000000	12.249011	28.178066	0.0379026	0.134393
4.843369	70.000000	11.784765	24.661922	0.03997	0.139074
4.813541	70.000000	11.179056	20.354858	0.0420247	0.143897
4.784078	70.000000	10.929456	15.497909	0.0446718	0.145981
4.754972	70.000000	10.792309	9.962431	0.0472915	0.146823
4.726219	70.000000	10.921295	4.2599115	0.0494373	0.145238
4.697810	70.000000	11.340128	-1.2177045	0.0528189	0.147373
4.669741	70.000000	11.74998	-6.2540388	0.0539117	0.147068
4.642004	70.000000	12.526809	-10.499629	0.0549012	0.144823
4.614595	70.000000	13.445248	-14.052582	0.0545597	0.139399
4.587507	70.000000	14.516769	-16.609406	0.0582657	0.142264
4.560735	70.000000	15.697519	-18.392065	0.0584838	0.135554
4.534273	70.000000	17.0867	-19.223522	0.0605233	0.131084
4.508116	70.000000	18.417774	-19.455534	0.0632136	0.129326
4.482259	70.000000	19.790031	-19.256203	0.0673282	0.128405
4.456696	70.000000	21.138504	-18.103701	0.0702388	0.124902
4.431423	70.000000	22.532705	-17.040298	0.0736599	0.122408
4.406435	70.000000	23.854023	-15.377256	0.0783912	0.122549
4.381727	70.000000	25.221548	-13.460564	0.0798794	0.116794
4.357294	70.000000	26.266542	-11.301065	0.0828876	0.115581
4.333132	70.000000	27.321619	-8.7510757	0.086642	0.115427
4.309236	70.000000	28.210609	-5.9315386	0.0912101	0.117516
4.285602	70.000000	29.227421	-3.0015903	0.0936357	0.116734
4.262225	70.000000	29.952015	0.2361103	0.0941648	0.116167
4.239102	70.000000	30.416679	3.1360111	0.09684	0.118933
4.216228	70.000000	30.954708	6.0838532	0.0978032	0.121046
4.193600	70.000000	31.145891	9.2019863	0.0982078	0.124062
4.171213	70.000000	31.450617	11.847748	0.0982557	0.126167
4.149064	70.000000	31.318087	14.748516	0.0950394	0.126095
4.127149	70.000000	31.322231	17.337687	0.0972866	0.133656
4.105463	70.000000	31.24358	19.848635	0.0977379	0.13806
4.084005	70.000000	31.232767	22.042898	0.0987211	0.144026
4.062769	70.000000	31.051027	24.630981	0.0985472	0.149262
4.041753	70.000000	30.722385	26.885658	0.0990406	0.155521
4.020953	70.000000	30.706482	29.147232	0.096294	0.156161
4.000366	70.000000	30.294582	31.201632	0.0950741	0.160496
3.979989	70.000000	30.017302	33.313618	0.0950884	0.165444
3.959818	70.000000	29.432785	34.847908	0.0929852	0.167578
3.939851	70.000000	29.101223	36.713253	0.0919093	0.171325
3.920083	70.000000	28.611155	38.761482	0.0911654	0.175803
3.900514	70.000000	28.265953	40.460968	0.0902381	0.179729
3.881138	70.000000	27.658741	41.908268	0.0891955	0.183971
3.861954	70.000000	27.744808	43.620445	0.0894414	0.188329
3.842959	70.000000	26.933983	45.00964	0.0874107	0.191003
3.824150	70.000000	26.403095	46.473499	0.0866495	0.195839
3.805523	70.000000	25.937265	47.812046	0.0857701	0.199449
3.787078	70.000000	25.489243	49.531883	0.0849884	0.204404
3.768810	70.000000	25.200031	50.312855	0.0838167	0.204709
3.750718	70.000000	24.642649	51.735661	0.0851657	0.215609
3.732799	70.000000	24.263077	53.207321	0.0856663	0.222435
3.715050	70.000000	23.559504	54.40926	0.0840234	0.226407
3.697469	70.000000	23.185604	54.792641	0.0836654	0.229361
3.680054	70.000000	22.678749	56.517426	0.0834237	0.237062
3.662802	70.000000	22.353319	57.364124	0.0820563	0.237413
3.645711	70.000000	21.931107	58.354149	0.0840687	0.248975
3.628778	70.000000	21.597445	58.80722	0.0830015	0.25019
3.612003	70.000000	21.396088	59.530815	0.0835193	0.254341
3.595382	70.000000	20.991875	60.575962	0.0827849	0.257566
3.578913	70.000000	21.131136	61.372723	0.0821655	0.255016
3.562594	70.000000	20.506395	62.512196	0.0814919	0.261397
3.546424	70.000000	20.866596	63.387535	0.0841525	0.266752
3.530400	70.000000	21.099842	64.554802	0.0811586	0.254273
3.514520	70.000000	21.367411	66.604836	0.0807608	0.251265
3.498782	70.000000	21.813307	68.510468	0.0783955	0.241258
3.483185	70.000000	22.250698	72.874817	0.0766393	0.234228
3.467726	70.000000	22.598663	76.781197	0.0726011	0.218891
3.452404	70.000000	23.208687	81.402161	0.0682598	0.20061
3.437217	70.000000	24.014065	86.679878	0.0643342	0.183678
3.422163	70.000000	24.435091	92.621147	0.0605968	0.170725
3.407240	70.000000	24.710032	98.601799	0.057475	0.159677
3.392447	70.000000	24.773012	105.79665	0.0546413	0.149263
3.377782	70.000000	24.680227	112.87831	0.0533627	0.14371
3.363244	70.000000	24.431156	120.5565	0.0537782	0.14379
3.348830	70.000000	23.943563	128.08818	0.0629006	0.167953
3.334539	70.000000	23.1712	136.66246	0.0842692	0.22649
3.320370	70.000000	22.338249	144.05359	0.122709	0.33426
3.306321	70.000000	21.63488	152.07654	0.154467	0.439192
3.292390	70.000000	21.013119	161.68831	0.119505	0.342789
3.278576	70.000000	20.549562	169.4594	0.0762021	0.220273
3.264878	70.000000	20.331923	176.43547	0.0590376	0.171545
3.251294	70.000000	20.139091	182.95963	0.0506629	0.148196
3.237823	70.000000	19.953239	190.21286	0.0467723	0.140536
3.224463	70.000000	19.952585	197.37859	0.0440361	0.134926
3.211213	70.000000	20.082758	204.15834	0.0426753	0.131426
3.198071	70.000000	20.148293	210.48508	0.0414488	0.127249
3.185037	70.000000	20.463705	215.69003	0.041185	0.124676
3.172108	70.000000	20.737242	221.25113	0.0397837	0.119611
3.159285	70.000000	21.144417	226.06808	0.0383283	0.114025
3.146564	70.000000	21.573978	230.84799	0.0365134	0.106915
3.133946	70.000000	22.06353	235.21967	0.0360742	0.103433
3.121429	70.000000	22.539997	239.03221	0.0351747	0.0989636
3.109011	70.000000	23.097269	242.69473	0.0340334	0.0938252
3.096693	70.000000	23.531164	246.1004	0.0335679	0.0911231
3.084471	70.000000	24.08305	249.3383	0.0324664	0.0861869
3.072346	70.000000	24.66147	252.29231	0.0325347	0.0843198
3.060316	70.000000	25.22982	255.07816	0.031745	0.080417
3.048379	70.000000	25.788557	257.62451	0.0317395	0.0790188
3.036536	70.000000	26.397789	259.91394	0.0320504	0.0786642
3.024785	70.000000	26.937792	262.28214	0.0298778	0.0724871
3.013124	70.000000	27.493532	264.18378	0.0300324	0.0718983
3.001553	70.000000	28.025156	265.99344	0.0286392	0.067437
2.990070	70.000000	28.657789	267.7709	0.0281	0.0649462
2.978676	70.000000	29.290546	269.33957	0.0284464	0.0647201
2.967368	70.000000	29.88818	-89.160294	0.028517	0.0641704
2.956146	70.000000	30.459419	-87.687469	0.0275915	0.0616963
2.945008	70.000000	31.113861	-86.579636	0.0265939	0.0589985
2.933954	70.000000	31.671961	-85.37867	0.0267102	0.0588091
2.922983	70.000000	32.323399	-84.333633	0.0264043	0.0574905
2.912094	70.000000	32.969563	-83.314552	0.0264215	0.0569022
2.901286	70.000000	33.622528	-82.492676	0.0260188	0.0554867
2.890558	70.000000	34.361397	-81.689819	0.0252809	0.0534793
2.879909	70.000000	35.113308	-80.907898	0.0259844	0.0546343
2.869339	70.000000	35.836018	-80.381065	0.0255648	0.0534652
2.858846	70.000000	36.615723	-79.807426	0.0263453	0.054767
2.848429	70.000000	37.456226	-79.225143	0.026398	0.0545192
2.838089	70.000000	38.311401	-78.845932	0.0263242	0.0540411
2.827823	70.000000	39.23811	-78.362991	0.0263569	0.0538091
2.817631	70.000000	40.191452	-77.996834	0.0260899	0.0530464
2.807513	70.000000	41.234451	-77.716331	0.0266096	0.0539071
2.797468	70.000000	42.269474	-77.614471	0.0260534	0.0525978
2.787494	70.000000	43.4221	-77.325203	0.0263305	0.0530013
2.777592	70.000000	44.59589	-77.194359	0.0272427	0.0547548
2.767759	70.000000	45.883057	-76.970848	0.0271823	0.0546365
2.757996	70.000000	47.227226	-77.023743	0.0281604	0.0567296
2.748302	70.000000	48.687145	-76.903854	0.0287956	0.0582966
2.738676	70.000000	50.149323	-76.819794	0.0290458	0.0591983
2.729118	70.000000	51.805214	-76.775856	0.0295375	0.0607838
2.719626	70.000000	53.515095	-76.83284	0.0305136	0.0635992
2.710199	70.000000	55.338295	-76.905563	0.0305425	0.0648468
2.700839	70.000000	57.257401	-76.81842	0.030844	0.0671899
2.691543	70.000000	59.358547	-76.791649	0.0314501	0.0709043
2.682310	70.000000	61.522266	-76.576279	0.0323499	0.0760675
2.673142	70.000000	63.809029	-76.457901	0.032034	0.0791496
2.664035	70.000000	66.117455	-75.939346	0.033514	0.0877642
2.654991	70.000000	68.660194	-75.364906	0.033861	0.0957818
2.646008	70.000000	71.166107	-74.652596	0.0352764	0.109706
2.637086	70.000000	73.898842	-73.180443	0.0357151	0.127252
2.628224	70.000000	76.637749	-71.05629	0.0359331	0.152674
2.619422	70.000000	79.419861	-67.56208	0.0352877	0.189253
2.610678	70.000000	82.155205	-61.143673	0.0349141	0.253875
2.601993	70.000000	84.568367	-47.169437	0.0344356	0.366487
2.593365	70.000000	86.316109	-16.805351	0.0335306	0.541863
2.584795	70.000000	86.107941	28.707363	0.0331553	0.500566
2.576281	70.000000	84.150574	54.719311	0.0333349	0.321796
2.567824	70.000000	81.658363	66.486336	0.0330955	0.220782
2.559422	70.000000	78.851509	72.395844	0.0313086	0.1574
2.551075	70.000000	76.477623	75.448967	0.0283309	0.119624
2.542782	70.000000	74.15554	77.112244	0.0281296	0.104059
2.534544	70.000000	71.64592	78.301949	0.028737	0.0948062
2.526358	70.000000	69.210144	79.117126	0.0282209	0.0847308
2.518226	70.000000	66.94706	79.725586	0.0276262	0.0767108
2.510146	70.000000	64.76487	80.081383	0.0269962	0.0700203
2.502118	70.000000	62.752705	80.219322	0.0265652	0.0651705
2.494141	70.000000	60.776657	80.368935	0.0253732	0.0593403
2.486215	70.000000	59.007362	80.460411	0.0247873	0.055902
2.478339	70.000000	57.226841	80.350388	0.0239164	0.0523567
2.470513	70.000000	55.583942	80.336494	0.0220832	0.0472651
2.462737	70.000000	54.074551	80.309547	0.0225931	0.0475257
2.455010	70.000000	52.603458	80.296158	0.0215564	0.0446893
2.447331	70.000000	51.271175	80.1446	0.0208795	0.0427953
2.439700	70.000000	50.030716	80.124458	0.0205523	0.0417439
2.432117	70.000000	48.811802	80.008644	0.0199242	0.0401729
2.424581	70.000000	47.653816	79.959396	0.0192628	0.0386451
2.417092	70.000000	46.618668	79.907806	0.0190008	0.0380141
2.409649	70.000000	45.618389	79.825317	0.0184997	0.0369632
2.402252	70.000000	44.638706	79.722885	0.0177954	0.0355585
2.394900	70.000000	43.73996	79.733452	0.0169343	0.0338717
2.387594	70.000000	42.912487	79.754311	0.0164772	0.0330147
2.380332	70.000000	42.084316	79.803825	0.0165317	0.0332097
2.373114	70.000000	41.327122	79.764397	0.0161753	0.0325884
2.365940	70.000000	40.626202	79.85733	0.0155096	0.0313663
2.358809	70.000000	39.925522	79.90274	0.0153372	0.0311604
2.351722	70.000000	39.257114	79.923439	0.0153655	0.0313838
2.344677	70.000000	38.616074	79.959305	0.0150762	0.0309699
2.337674	70.000000	37.99234	80.103088	0.0145631	0.0301009
2.330713	70.000000	37.42083	80.196815	0.0138685	0.0288399
2.323794	70.000000	36.848885	80.399155	0.0140114	0.0293235
2.316916	70.000000	36.326679	80.508156	0.0138119	0.0290861
2.310078	70.000000	35.829597	80.726509	0.0131982	0.0279699
2.303281	70.000000	35.348598	80.895187	0.013131	0.0280132
2.296525	70.000000	34.881161	81.113808	0.0129164	0.0277648
2.289807	70.000000	34.416393	81.307968	0.0124065	0.0268883
2.283129	70.000000	33.956936	81.562172	0.0121978	0.0266816
2.276490	70.000000	33.535511	81.840813	0.0121984	0.0269223
2.269890	70.000000	33.124943	82.109154	0.0121073	0.0269664
2.263328	70.000000	32.695621	82.387299	0.012795	0.0287756
2.256804	70.000000	32.26823	82.67849	0.014014	0.0318215
2.250318	70.000000	31.82279	82.963455	0.0166202	0.0380977
2.243869	70.000000	31.325087	83.465126	0.0185473	0.04297
2.237457	70.000000	30.954947	83.812332	0.0168256	0.0392907
2.231082	70.000000	30.671917	84.099419	0.0141388	0.0332218
2.224743	70.000000	30.376923	84.452072	0.0122707	0.0290274
2.218440	70.000000	30.1066	84.777878	0.0113347	0.0269982
2.212174	70.000000	29.794121	85.076141	0.0111731	0.0268525
2.205942	70.000000	29.4967	85.489883	0.0107986	0.0262012
2.199746	70.000000	29.162807	85.89669	0.0107248	0.0263221
2.193584	70.000000	28.813055	86.351372	0.0107543	0.0267357
2.187457	70.000000	28.481131	86.819756	0.0105813	0.0266366
2.181365	70.000000	28.155094	87.28891	0.0101649	0.0259075
2.175306	70.000000	27.837723	87.760635	0.0102672	0.0264727
2.169282	70.000000	27.511574	88.229469	0.00993357	0.0259049
2.163290	70.000000	27.212339	88.717316	0.00967039	0.0254626
2.157332	70.000000	26.903273	89.258316	0.00963946	0.0256298
2.151407	70.000000	26.57332	89.77002	0.00945904	0.02541
2.145514	70.000000	26.290644	90.286316	0.00902753	0.0244535
2.139654	70.000000	26.017679	90.782242	0.00896301	0.0244837
2.133825	70.000000	25.71911	91.317566	0.00889513	0.0245467
2.128029	70.000000	25.453684	91.879074	0.00899941	0.0250913
2.122264	70.000000	25.175957	92.438454	0.00911433	0.0257117
2.116531	70.000000	24.899057	93.05159	0.00909039	0.0259747
2.110828	70.000000	24.617451	93.57151	0.00916059	0.0265434
2.105157	70.000000	24.325018	94.25444	0.00910955	0.0267892
2.099515	70.000000	24.056408	94.792267	0.00888857	0.0265069
2.093904	70.000000	23.759668	95.431259	0.00903993	0.0273647
2.088324	70.000000	23.473837	96.033882	0.00874609	0.0268497
2.082773	70.000000	23.189106	96.739731	0.00869643	0.0270466
2.077252	70.000000	22.898594	97.371292	0.00873358	0.0275046
2.071760	70.000000	22.631353	98.075172	0.0087843	0.0279582
2.066297	70.000000	22.342445	98.744629	0.00863846	0.0278051
2.060863	70.000000	22.077377	99.39505	0.00858936	0.0279158
2.055458	70.000000	21.82412	100.11829	0.00845004	0.0277109
2.050081	70.000000	21.555876	100.78764	0.0084057	0.0278547
2.044732	70.000000	21.301876	101.478	0.00841595	0.0281729
2.039412	70.000000	21.043135	102.25177	0.00829207	0.0280801
2.034119	70.000000	20.779934	103.00158	0.00843534	0.0289245
2.028854	70.000000	20.528315	103.74419	0.00814913	0.028309
2.023616	70.000000	20.256765	104.51312	0.00822506	0.0289977
2.018405	70.000000	19.994898	105.29546	0.00839387	0.0300318
2.013221	70.000000	19.743837	106.1167	0.00822416	0.0298301
2.008064	70.000000	19.463646	106.91756	0.00832925	0.03068
2.002933	70.000000	19.220098	107.73695	0.00812088	0.0302744
1.997829	70.000000	18.949215	108.59494	0.00834251	0.0315133
1.992751	70.000000	18.685171	109.46626	0.00791433	0.030247
1.987698	70.000000	18.455746	110.29055	0.0078942	0.0304257
1.982672	70.000000	18.193857	111.17278	0.00802445	0.0312386
1.977671	70.000000	17.951464	112.09561	0.0079749	0.0312962
1.972695	70.000000	17.7031	112.99825	0.00787407	0.0311449
1.967744	70.000000	17.46183	113.90908	0.0077687	0.0309578
1.962819	70.000000	17.221138	114.92965	0.00775059	0.0310973
1.957918	70.000000	16.98291	115.79298	0.00795146	0.0321811
1.953041	70.000000	16.749649	116.79842	0.0078298	0.0319051
1.948190	70.000000	16.513617	117.72938	0.00796078	0.0327003
1.943362	70.000000	16.271271	118.78569	0.00788664	0.0326634
1.938558	70.000000	16.050098	119.76588	0.0077423	0.0323094
1.933778	70.000000	15.815733	120.7731	0.00777846	0.0327256
1.929022	70.000000	15.594234	121.86311	0.0077919	0.0329743
1.924289	70.000000	15.375106	122.95004	0.00772394	0.0328821
1.919580	70.000000	15.136144	124.05781	0.00768377	0.0329039
1.914894	70.000000	14.925773	125.17506	0.00769431	0.0330497
1.910231	70.000000	14.711924	126.29745	0.00761193	0.032802
1.905590	70.000000	14.506688	127.51532	0.00769885	0.0331902
1.900973	70.000000	14.277253	128.73717	0.00755586	0.0326439
1.896377	70.000000	14.021623	130.21536	0.00727708	0.0314205
1.891804	70.000000	13.795569	131.51823	0.00637102	0.027497
1.887253	70.000000	13.651711	132.43457	0.0062164	0.0267738
1.882725	70.000000	13.496473	133.50813	0.00688193	0.0295979
1.878218	70.000000	13.311103	134.77252	0.00739948	0.0317801
1.873733	70.000000	13.115264	136.16496	0.00780641	0.0334514
1.869269	70.000000	12.932308	137.58995	0.00772142	0.0329164
1.864827	70.000000	12.745093	138.90746	0.0077567	0.0329766
1.860405	70.000000	12.571235	140.29265	0.00770572	0.0325723
1.856006	70.000000	12.395061	141.68417	0.00796389	0.0334794
1.851626	70.000000	12.23847	143.09441	0.00780648	0.0325786
1.847268	70.000000	12.070804	144.59113	0.00776249	0.0320697
1.842930	70.000000	11.927038	146.06183	0.00796949	0.0325881
1.838613	70.000000	11.778336	147.55467	0.00815341	0.0329161
1.834316	70.000000	11.631204	149.04147	0.00822871	0.0328138
1.830040	70.000000	11.490423	150.66277	0.00821246	0.0323167
1.825783	70.000000	11.352206	152.24997	0.0083505	0.0324058
1.821546	70.000000	11.213476	153.88387	0.00844004	0.0322986
1.817329	70.000000	11.096846	155.42575	0.00841921	0.0317331
1.813132	70.000000	10.978056	157.1111	0.00848397	0.0315208
1.808954	70.000000	10.868995	158.81647	0.00857352	0.031395
1.804796	70.000000	10.758024	160.50456	0.00859188	0.0311124
1.800657	70.000000	10.669641	162.16777	0.00884997	0.0316602
1.796537	70.000000	10.587956	163.87328	0.00895736	0.0317187
1.792436	70.000000	10.484886	165.60521	0.00915418	0.0321396
1.788354	70.000000	10.404129	167.40634	0.00911355	0.0317352
1.784290	70.000000	10.340608	169.2054	0.00913781	0.031553
1.780245	70.000000	10.301556	170.9415	0.00924954	0.0316365
1.776219	70.000000	10.219349	172.70793	0.00912024	0.0310696
1.772211	70.000000	10.162312	174.56363	0.00919571	0.0311694
1.768221	70.000000	10.127739	176.31223	0.00926536	0.0312273
1.764249	70.000000	10.09507	178.12611	0.00938071	0.0314223
1.760295	70.000000	10.055876	179.95399	0.00938636	0.0313319
1.756359	70.000000	10.022922	181.78371	0.00961763	0.0320444
1.752441	70.000000	10.005602	183.54039	0.00947605	0.0315231
1.748540	70.000000	10.002394	185.3434	0.00927408	0.0308083
1.744657	70.000000	9.9894485	187.16956	0.00944994	0.0314853
1.740791	70.000000	9.982482	188.94865	0.00941102	0.0315322
1.736943	70.000000	10.011415	190.71303	0.00935523	0.0315116
1.733111	70.000000	10.021029	192.49652	0.00908513	0.0309144
1.729297	70.000000	10.045245	194.21855	0.0090649	0.0311753
1.725500	70.000000	10.057421	195.98335	0.00905318	0.031657
1.721719	70.000000	10.089246	197.59836	0.00905832	0.0321646
1.717955	70.000000	10.138564	199.34875	0.00885005	0.0320019
1.714208	70.000000	10.181169	201.0954	0.00874721	0.0322684
1.710477	70.000000	10.235518	202.70477	0.0083387	0.0313662
1.706762	70.000000	10.272667	204.30582	0.00838998	0.0322744
1.703064	70.000000	10.333904	205.82291	0.00831895	0.0326175
1.699382	70.000000	10.383549	207.48119	0.0089126	0.0357415
1.695716	70.000000	10.46451	209.03383	0.0100294	0.0409441
1.692066	70.000000	10.518556	210.74529	0.0115891	0.0484288
1.688432	70.000000	10.635488	212.4568	0.0107023	0.0455616
1.684814	70.000000	10.70539	213.60381	0.00876489	0.0379155
1.681211	70.000000	10.763554	214.74739	0.00790494	0.0346205
1.677624	70.000000	10.825842	215.95099	0.00761982	0.0339191
1.674052	70.000000	10.928205	217.33992	0.00752326	0.0339445
1.670495	70.000000	11.039197	218.71994	0.00760839	0.034824
1.666954	70.000000	11.136683	220.08945	0.00733289	0.0340817
1.663428	70.000000	11.222107	221.466	0.0074597	0.0352147
1.659917	70.000000	11.345751	222.67033	0.00757642	0.0361064
1.656421	70.000000	11.448198	223.93716	0.00734861	0.0355273
1.652940	70.000000	11.537021	225.20488	0.00718299	0.0352424
1.649474	70.000000	11.66365	226.45244	0.00723248	0.0359001
1.646022	70.000000	11.775402	227.66272	0.00721915	0.0362516
1.642585	70.000000	11.892497	228.90649	0.00707947	0.0359435
1.639163	70.000000	12.012526	229.92667	0.00694889	0.0355741
1.635755	70.000000	12.125394	231.07442	0.00715955	0.0370501
1.632361	70.000000	12.249806	232.18689	0.00717127	0.0374678
1.628981	70.000000	12.371839	233.2948	0.00711453	0.0374838
1.625616	70.000000	12.493576	234.31325	0.00717294	0.0381191
1.622264	70.000000	12.619778	235.3627	0.00716493	0.038331
1.618927	70.000000	12.745922	236.42799	0.00723736	0.0389726
1.615603	70.000000	12.884566	237.33057	0.00717205	0.0387625
1.612294	70.000000	13.016933	238.3642	0.00706402	0.0383898
1.608998	70.000000	13.14767	239.22842	0.00704177	0.03835
1.605715	70.000000	13.269173	240.19911	0.00695522	0.0380536
1.602446	70.000000	13.411775	241.14456	0.00702651	0.0385252
1.599191	70.000000	13.519998	241.97308	0.00712528	0.0392399
1.595949	70.000000	13.669609	242.83942	0.00725409	0.039938
1.592720	70.000000	13.805902	243.63795	0.00727532	0.0400841
1.589505	70.000000	13.94081	244.48241	0.00724779	0.0399551
1.586303	70.000000	14.066675	245.27966	0.00734165	0.0405206
1.583113	70.000000	14.209623	246.13219	0.00723375	0.0399455
1.579937	70.000000	14.342165	246.8024	0.00694933	0.0383426
1.576774	70.000000	14.477416	247.66232	0.00721684	0.0398368
1.573623	70.000000	14.605457	248.30833	0.0074935	0.041324
1.570485	70.000000	14.748544	249.10837	0.00771924	0.0425552
1.567360	70.000000	14.915389	249.83495	0.00762968	0.041893
1.564248	70.000000	15.011972	250.46399	0.00738362	0.040588
1.561148	70.000000	15.164893	251.18741	0.00767095	0.042023
1.558060	70.000000	15.284556	251.87251	0.0079547	0.0435861
1.554985	70.000000	15.427423	252.58055	0.00786685	0.0429706
1.551922	70.000000	15.574225	253.19189	0.00765058	0.0415934
1.548872	70.000000	15.699799	253.85048	0.00821565	0.0445803
1.545833	70.000000	15.83986	254.4565	0.00785816	0.0424466
1.542807	70.000000	15.972537	255.0345	0.00798212	0.0429278
1.539793	70.000000	16.109699	255.74998	0.00808964	0.0433342
1.536790	70.000000	16.215786	256.39722	0.00798203	0.0426848
1.533800	70.000000	16.366543	256.81082	0.00818864	0.0433974
1.530821	70.000000	16.505194	257.37061	0.00833592	0.043901
1.527854	70.000000	16.645361	258.02042	0.00829929	0.0434308
1.524899	70.000000	16.747341	258.48773	0.00825925	0.0430517
1.521955	70.000000	16.900215	259.07431	0.00838951	0.0433594
1.519023	70.000000	17.011131	259.64291	0.00828455	0.042618
1.516103	70.000000	17.165339	260.06851	0.00850964	0.0433516
1.513194	70.000000	17.302801	260.6647	0.00855521	0.0432541
1.510296	70.000000	17.442726	261.08737	0.0085339	0.0427756
1.507409	70.000000	17.571445	261.59164	0.00875251	0.043574
1.504534	70.000000	17.676216	262.04379	0.00893282	0.0442369
1.501670	70.000000	17.837831	262.63126	0.00889453	0.0436029
1.498816	70.000000	17.942471	263.11539	0.0089207	0.0435137
1.495974	70.000000	18.065504	263.58749	0.00915147	0.044337
1.493143	70.000000	18.195026	264.04523	0.00894008	0.0430025
1.490323	70.000000	18.326691	264.53262	0.00889395	0.0424478
1.487514	70.000000	18.458561	264.8779	0.00918289	0.0434779
1.484715	70.000000	18.57136	265.28152	0.0092664	0.043615
1.481927	70.000000	18.703295	265.79297	0.00929117	0.043408
1.479150	70.000000	18.836475	266.138	0.00955298	0.0442774
1.476383	70.000000	18.965435	266.55548	0.00985401	0.0453472
1.473627	70.000000	19.076336	266.97864	0.00954065	0.0436381
1.470882	70.000000	19.214056	267.39316	0.0100618	0.045652
1.468146	70.000000	19.332911	267.89111	0.00985862	0.0444386
1.465422	70.000000	19.463562	268.20099	0.00986806	0.0441161
1.462707	70.000000	19.582466	268.63211	0.0102677	0.0455866
1.460003	70.000000	19.697838	269.05676	0.0103866	0.0458106
1.457309	70.000000	19.808569	269.35364	0.0104008	0.0455674
1.454625	70.000000	19.920448	269.67258	0.0104954	0.0456617
1.451951	70.000000	20.066765	-89.854836	0.0104943	0.045222
1.449287	70.000000	20.167448	-89.534637	0.0104212	0.0446319
1.446633	70.000000	20.299782	-89.196754	0.0104816	0.0444949
1.443989	70.000000	20.418636	-88.786095	0.0112573	0.0474164
1.441356	70.000000	20.515327	-88.441185	0.0112299	0.0470078
1.438731	70.000000	20.663816	-88.14299	0.011079	0.045908
1.436117	70.000000	20.752737	-87.819611	0.0112393	0.046297
1.433512	70.000000	20.865225	-87.520065	0.0113684	0.0464712
1.430917	70.000000	20.986492	-87.183075	0.0116885	0.0473815
1.428332	70.000000	21.132847	-86.829269	0.0116568	0.0467739
1.425755	70.000000	21.23151	-86.505669	0.0113456	0.0452214
1.423189	70.000000	21.340906	-86.261459	0.0115954	0.0458746
1.420632	70.000000	21.462864	-85.896111	0.0117902	0.0462534
1.418085	70.000000	21.55961	-85.645164	0.0124173	0.048395
1.415546	70.000000	21.690397	-85.247658	0.012261	0.0473605
1.413017	70.000000	21.797365	-85.025444	0.0120984	0.0463982
1.410498	70.000000	21.92601	-84.697121	0.0121558	0.0462182
1.407987	70.000000	22.003868	-84.509285	0.0126337	0.0477932
1.405486	70.000000	22.146774	-84.122482	0.0129909	0.0486763
1.402994	70.000000	22.246	-83.976006	0.0128589	0.0478869
1.400511	70.000000	22.341591	-83.58992	0.0127573	0.0472092
1.398036	70.000000	22.483835	-83.331856	0.0131665	0.0482852
1.395571	70.000000	22.602034	-83.041695	0.0129985	0.047312
1.393115	70.000000	22.686563	-82.748863	0.0129769	0.0469759
1.390667	70.000000	22.812494	-82.538597	0.0130876	0.0470124
1.388229	70.000000	22.918205	-82.232254	0.013042	0.0465345
1.385799	70.000000	22.992792	-81.91259	0.0137353	0.0487688
1.383378	70.000000	23.119455	-81.751839	0.0142596	0.0502582
1.380966	70.000000	23.257347	-81.51136	0.0145032	0.050695
1.378562	70.000000	23.339844	-81.29966	0.0146953	0.0511154
1.376167	70.000000	23.434361	-80.998138	0.0145663	0.0503558
1.373780	70.000000	23.551756	-80.836594	0.014546	0.0499451
1.371402	70.000000	23.696798	-80.53582	0.0150337	0.0511661
1.369032	70.000000	23.787693	-80.36837	0.0152506	0.0516274
1.366671	70.000000	23.87468	-80.00161	0.0155599	0.0523602
1.364318	70.000000	23.990494	-79.76503	0.0151226	0.0505434
1.361974	70.000000	24.106899	-79.557388	0.0157551	0.0523002
1.359638	70.000000	24.177149	-79.462418	0.0159361	0.0526894
1.357310	70.000000	24.2736	-79.255814	0.0158592	0.052118
1.354990	70.000000	24.41399	-78.953003	0.0160762	0.052386
1.352679	70.000000	24.496294	-78.73452	0.0158781	0.0514648
1.350375	70.000000	24.5882	-78.541092	0.0161198	0.0519568
1.348080	70.000000	24.701529	-78.315895	0.0162211	0.0519324
1.345793	70.000000	24.824215	-78.123367	0.0170457	0.054175
1.343513	70.000000	24.935596	-77.90966	0.0182423	0.0575975
1.341242	70.000000	24.999596	-77.648743	0.0178815	0.0561966
1.338978	70.000000	25.149122	-77.462379	0.0180276	0.0561893
1.336723	70.000000	25.246428	-77.256996	0.0190225	0.0589272
1.334475	70.000000	25.308313	-77.013138	0.018846	0.0581144
1.332236	70.000000	25.468636	-76.947395	0.0192377	0.0588527
1.330003	70.000000	25.517115	-76.655785	0.0201593	0.0614368
1.327779	70.000000	25.622141	-76.44313	0.0209564	0.0634735
1.325562	70.000000	25.758297	-76.37468	0.02225	0.0669261
1.323354	70.000000	25.841677	-76.321625	0.0237187	0.0710409
1.321152	70.000000	25.983635	-75.972366	0.0251809	0.0747873
1.318958	70.000000	26.071873	-75.808434	0.0270605	0.0799593
1.316772	70.000000	26.113184	-75.7351	0.0286423	0.0844516
1.314593	70.000000	26.258284	-75.303772	0.0289639	0.0846254
1.312422	70.000000	26.356838	-75.380447	0.029172	0.0848836
1.310258	70.000000	26.477959	-75.092812	0.0298024	0.0861632
1.308102	70.000000	26.512754	-74.918167	0.0283793	0.0818166
1.305953	70.000000	26.721058	-74.812737	0.0289832	0.0826935
1.303811	70.000000	26.767256	-74.534065	0.0277829	0.0789843
1.301677	70.000000	26.832808	-74.309052	0.0272496	0.0771318
1.299549	70.000000	26.995014	-74.257088	0.0275009	0.0773053
1.297430	70.000000	27.079288	-74.047501	0.0283688	0.0793255
1.295317	70.000000	27.252478	-73.934776	0.0276818	0.0768051
1.293211	70.000000	27.280466	-73.790581	0.0280053	0.0775549
1.291113	70.000000	27.327785	-73.630547	0.0273646	0.0755626
1.289021	70.000000	27.457306	-73.489571	0.0278992	0.0765514
1.286937	70.000000	27.583529	-73.378952	0.0281684	0.0768505
1.284859	70.000000	27.727852	-73.333733	0.028072	0.0761483
1.282789	70.000000	27.768475	-72.967384	0.0278757	0.0752882
1.280726	70.000000	27.876499	-72.913406	0.0269612	0.072474
1.278669	70.000000	28.008457	-72.692299	0.0272393	0.0727687
1.276620	70.000000	28.070463	-72.683167	0.0278416	0.0741617
1.274577	70.000000	28.19664	-72.428154	0.0290804	0.076982
1.272541	70.000000	28.336769	-72.296852	0.0302941	0.0796904
1.270512	70.000000	28.416616	-72.095444	0.0310448	0.0813189
1.268489	70.000000	28.524992	-72.104401	0.0322551	0.0841184
1.266474	70.000000	28.67828	-72.035568	0.0313074	0.0811665
1.264465	70.000000	28.758684	-71.896988	0.0319592	0.0825268
1.262462	70.000000	28.811169	-71.569504	0.0324655	0.0834696
1.260467	70.000000	28.94651	-71.419922	0.0321232	0.0820388
1.258478	70.000000	28.986917	-71.372299	0.0330085	0.0841568
1.256495	70.000000	29.075003	-71.257729	0.0332811	0.0845082
1.254519	70.000000	29.190105	-71.043518	0.0353273	0.0891908
1.252550	70.000000	29.36018	-71.086403	0.0357178	0.0896401
1.250587	70.000000	29.39921	-70.767998	0.0370381	0.092667
1.248630	70.000000	29.484982	-70.668274	0.036014	0.0897127
1.246680	70.000000	29.528034	-70.566475	0.0353857	0.0879305
1.244737	70.000000	29.714476	-70.330452	0.0369979	0.0911904
1.242799	70.000000	29.785229	-70.175674	0.0375151	0.0921408
1.240868	70.000000	29.875669	-70.153069	0.0386528	0.0945862
5.030387	75.000000	21.994499	18.685015	0.034784	0.0664157
4.998222	75.000000	21.502707	17.487915	0.0346889	0.0661971
4.966466	75.000000	21.059593	15.97032	0.0353282	0.0670086
4.935110	75.000000	20.673149	14.285596	0.0348323	0.0654589
4.904146	75.000000	20.293213	12.371261	0.0359884	0.0669363
4.873568	75.000000	20.152931	10.171329	0.0370098	0.0674102
4.843369	75.000000	20.011419	7.8079257	0.036581	0.0653234
4.813541	75.000000	20.065041	5.4819398	0.0369486	0.0644742
4.784078	75.000000	20.158072	2.9790971	0.0385505	0.0657322
4.754972	75.000000	20.497305	0.65229994	0.0393049	0.0653463
4.726219	75.000000	20.859711	-1.8301005	0.0406681	0.0661793
4.697810	75.000000	21.345501	-3.8467586	0.0414856	0.0660877
4.669741	75.000000	21.995937	-5.6054168	0.0417961	0.06501
4.642004	75.000000	22.766953	-7.0699558	0.0421179	0.0637776
4.614595	75.000000	23.63661	-8.3327789	0.0442419	0.0654218
4.587507	75.000000	24.605661	-9.0846119	0.0459965	0.0659154
4.560735	75.000000	25.539932	-9.3740301	0.0459232	0.0639041
4.534273	75.000000	26.61371	-9.5465212	0.0471957	0.0638885
4.508116	75.000000	27.577469	-9.2076483	0.0489006	0.0642502
4.482259	75.000000	28.615238	-8.7931986	0.051407	0.0657668
4.456696	75.000000	29.567699	-7.9230437	0.0525556	0.0654207
4.431423	75.000000	30.542667	-6.6884274	0.0539449	0.065312
4.406435	75.000000	31.421221	-5.282074	0.0558128	0.0661248
4.381727	75.000000	32.180042	-3.834671	0.0567636	0.0661736
4.357294	75.000000	32.864704	-2.2351882	0.058049	0.0668393
4.333132	75.000000	33.504829	-0.36493286	0.0601352	0.0685124
4.309236	75.000000	33.94408	1.6519833	0.060818	0.0692528
4.285602	75.000000	34.512169	3.6670561	0.0611655	0.069542
4.262225	75.000000	34.675114	5.747232	0.0631999	0.072866
4.239102	75.000000	34.827946	7.8173795	0.0629069	0.0733422
4.216228	75.000000	34.866261	9.7320423	0.0629943	0.0747044
4.193600	75.000000	34.912315	11.630187	0.0636374	0.0770797
4.171213	75.000000	34.77779	13.461751	0.0652536	0.0805366
4.149064	75.000000	34.709759	15.061789	0.0661089	0.0835457
4.127149	75.000000	34.519287	16.649296	0.0652454	0.0846871
4.105463	75.000000	34.233574	18.488457	0.0670187	0.0892078
4.084005	75.000000	33.998062	19.902281	0.0684777	0.0935159
4.062769	75.000000	33.760334	21.317837	0.0668026	0.0936236
4.041753	75.000000	33.31097	22.725388	0.0681124	0.097908
4.020953	75.000000	33.074696	23.937023	0.0686355	0.101262
4.000366	75.000000	32.786568	25.253504	0.0678469	0.102869
3.979989	75.000000	32.449909	26.681934	0.068683	0.106037
3.959818	75.000000	31.903046	27.675194	0.0705715	0.112187
3.939851	75.000000	31.623709	28.509748	0.0681398	0.110871
3.920083	75.000000	31.267166	29.55789	0.0688718	0.114354
3.900514	75.000000	30.690498	30.545765	0.0686509	0.116779
3.881138	75.000000	30.401035	31.432163	0.0663254	0.115692
3.861954	75.000000	30.23653	32.460384	0.0685168	0.122203
3.842959	75.000000	29.476019	33.049541	0.0686112	0.12494
3.824150	75.000000	28.948299	33.945477	0.0694274	0.129975
3.805523	75.000000	28.528156	34.900982	0.0677719	0.130351
3.787078	75.000000	28.122398	35.656506	0.0698974	0.137223
3.768810	75.000000	27.712196	36.111908	0.0687868	0.13736
3.750718	75.000000	27.119692	36.969254	0.0695581	0.143618
3.732799	75.000000	26.733471	37.538597	0.0692709	0.146487
3.715050	75.000000	26.169594	37.950493	0.0712921	0.153568
3.697469	75.000000	25.769249	38.638092	0.0710948	0.156347
3.680054	75.000000	25.427235	38.728336	0.0696734	0.156437
3.662802	75.000000	24.937296	39.388916	0.0681527	0.157095
3.645711	75.000000	24.682121	39.65831	0.0689603	0.160906
3.628778	75.000000	24.163822	40.336132	0.0700476	0.167388
3.612003	75.000000	23.95694	40.363575	0.0705315	0.170906
3.595382	75.000000	23.700745	40.811668	0.069431	0.171706
3.578913	75.000000	23.546913	41.407421	0.0690115	0.172691
3.562594	75.000000	23.171995	41.87854	0.0686971	0.174273
3.546424	75.000000	23.305399	42.937046	0.0718526	0.18373
3.530400	75.000000	23.38678	43.798267	0.0693329	0.178726
3.514520	75.000000	23.513741	45.548512	0.0685777	0.178082
3.498782	75.000000	23.414991	48.188126	0.0685394	0.181401
3.483185	75.000000	23.275581	51.318092	0.067025	0.181026
3.467726	75.000000	23.406853	55.195793	0.0646629	0.176817
3.452404	75.000000	23.259861	59.958481	0.0622458	0.173976
3.437217	75.000000	23.242128	65.407639	0.0588096	0.166995
3.422163	75.000000	22.963694	71.377594	0.0571551	0.166613
3.407240	75.000000	22.515617	78.786438	0.0550761	0.165472
3.392447	75.000000	21.674053	86.723366	0.0533703	0.165623
3.377782	75.000000	20.378183	95.554008	0.0521943	0.169482
3.363244	75.000000	18.992968	105.30802	0.05465	0.186606
3.348830	75.000000	17.496849	115.15806	0.0647366	0.234507
3.334539	75.000000	15.576067	126.74255	0.0859965	0.337088
3.320370	75.000000	13.860039	138.35121	0.128846	0.542991
3.306321	75.000000	12.204933	152.4339	0.167356	0.792957
3.292390	75.000000	11.335887	171.63367	0.128583	0.637578
3.278576	75.000000	11.426057	187.43788	0.0806539	0.393763
3.264878	75.000000	11.867895	201.16997	0.060448	0.287999
3.251294	75.000000	12.300358	213.76152	0.0516672	0.242433
3.237823	75.000000	13.161918	225.13315	0.0466223	0.209574
3.224463	75.000000	14.303885	234.78644	0.044608	0.186925
3.211213	75.000000	15.589375	243.31281	0.0438238	0.169766
3.198071	75.000000	16.777628	250.08429	0.0424098	0.154286
3.185037	75.000000	17.960928	255.24303	0.0404213	0.139009
3.172108	75.000000	19.050516	260.43811	0.038859	0.126662
3.159285	75.000000	20.202984	264.80209	0.0370137	0.113749
3.146564	75.000000	21.267828	268.37378	0.0357306	0.104255
3.133946	75.000000	22.320475	-87.98085	0.034681	0.0969017
3.121429	75.000000	23.359732	-85.042435	0.0334352	0.0904942
3.109011	75.000000	24.304127	-82.514961	0.0329293	0.0868912
3.096693	75.000000	25.153704	-80.158012	0.0316886	0.0816
3.084471	75.000000	26.00531	-77.734886	0.0309023	0.0774438
3.072346	75.000000	26.910612	-75.745888	0.0302952	0.0739019
3.060316	75.000000	27.649223	-74.061951	0.0295373	0.070673
3.048379	75.000000	28.500885	-72.436195	0.0293484	0.0690509
3.036536	75.000000	29.221525	-70.93132	0.0287357	0.0668257
3.024785	75.000000	30.02211	-69.470047	0.0276896	0.0635658
3.013124	75.000000	30.688931	-68.105103	0.0276113	0.0626866
3.001553	75.000000	31.390055	-66.923637	0.0259213	0.0582238
2.990070	75.000000	32.123905	-65.998444	0.026014	0.0578124
2.978676	75.000000	32.806786	-65.031555	0.0259404	0.0572179
2.967368	75.000000	33.497715	-64.178596	0.0259019	0.0567132
2.956146	75.000000	34.154217	-63.324692	0.0250809	0.0544933
2.945008	75.000000	34.920929	-62.732216	0.0247874	0.0533502
2.933954	75.000000	35.561031	-61.970066	0.0237826	0.0508767
2.922983	75.000000	36.321098	-61.482979	0.023373	0.0497594
2.912094	75.000000	36.990025	-60.838787	0.0234572	0.0498135
2.901286	75.000000	37.779987	-60.37661	0.0233757	0.0495066
2.890558	75.000000	38.599449	-60.113163	0.0228555	0.0482265
2.879909	75.000000	39.397343	-59.736355	0.0224592	0.0471078
2.869339	75.000000	40.245087	-59.354717	0.0231799	0.0482546
2.858846	75.000000	41.117386	-59.044716	0.0231398	0.0478647
2.848429	75.000000	42.062157	-58.687031	0.0236919	0.048829
2.838089	75.000000	43.032433	-58.51012	0.0231571	0.0477868
2.827823	75.000000	44.082687	-58.202225	0.0229233	0.0474293
2.817631	75.000000	45.156612	-57.932705	0.0229985	0.0477844
2.807513	75.000000	46.302284	-57.724419	0.02299	0.0478811
2.797468	75.000000	47.53688	-57.461655	0.0228511	0.0475532
2.787494	75.000000	48.837753	-57.148598	0.0232304	0.0483042
2.777592	75.000000	50.168129	-56.751789	0.0236461	0.0493529
2.767759	75.000000	51.597183	-56.218391	0.0232548	0.048924
2.757996	75.000000	53.104919	-55.691833	0.024309	0.0518749
2.748302	75.000000	54.69759	-54.92767	0.024417	0.0531819
2.738676	75.000000	56.359596	-53.940323	0.0247564	0.0552778
2.729118	75.000000	58.089291	-52.875515	0.0252198	0.0579003
2.719626	75.000000	59.836842	-51.506241	0.0258475	0.0611881
2.710199	75.000000	61.685822	-49.819603	0.025701	0.063087
2.700839	75.000000	63.48975	-47.735489	0.025612	0.065505
2.691543	75.000000	65.353165	-45.24604	0.0257768	0.0692976
2.682310	75.000000	67.204994	-41.812859	0.0260605	0.0745815
2.673142	75.000000	68.996002	-37.834499	0.0261703	0.0805942
2.664035	75.000000	70.642593	-32.808708	0.0250045	0.0835529
2.654991	75.000000	72.097504	-27.012793	0.0255966	0.0930501
2.646008	75.000000	73.347496	-19.572227	0.026443	0.104338
2.637086	75.000000	74.183624	-11.081459	0.0259022	0.107525
2.628224	75.000000	74.608673	-1.4005601	0.0261096	0.110295
2.619422	75.000000	74.59272	8.2242212	0.0257667	0.106522
2.610678	75.000000	74.052872	17.285826	0.0256023	0.100657
2.601993	75.000000	73.209595	25.330233	0.0250728	0.0929996
2.593365	75.000000	72.012581	32.275379	0.0247208	0.0858509
2.584795	75.000000	70.544609	37.924133	0.0238782	0.0774467
2.576281	75.000000	68.911095	42.63118	0.0229649	0.0695629
2.567824	75.000000	67.171791	46.556286	0.0225052	0.0638223
2.559422	75.000000	65.398407	49.808514	0.0209511	0.0559539
2.551075	75.000000	63.731819	52.016228	0.0195892	0.0497863
2.542782	75.000000	62.18198	53.671837	0.0191211	0.046615
2.534544	75.000000	60.514351	55.155796	0.0199775	0.046801
2.526358	75.000000	58.824444	56.326118	0.0195231	0.0441276
2.518226	75.000000	57.274235	57.225136	0.0191419	0.0420843
2.510146	75.000000	55.786652	58.019661	0.0187205	0.0402505
2.502118	75.000000	54.399754	58.55085	0.0180751	0.0382088
2.494141	75.000000	53.068577	58.996796	0.0176931	0.0369373
2.486215	75.000000	51.811081	59.394279	0.0172898	0.0357507
2.478339	75.000000	50.633244	59.626308	0.0165345	0.0339004
2.470513	75.000000	49.509396	59.861221	0.0160698	0.0326921
2.462737	75.000000	48.439365	60.065113	0.0158332	0.0319401
2.455010	75.000000	47.454575	60.185539	0.0151424	0.0303154
2.447331	75.000000	46.519176	60.28194	0.0153573	0.0305565
2.439700	75.000000	45.66518	60.35038	0.0150438	0.0297958
2.432117	75.000000	44.812859	60.351936	0.0143159	0.0282866
2.424581	75.000000	43.997292	60.40255	0.014363	0.0283938
2.417092	75.000000	43.23988	60.384418	0.0143211	0.0283841
2.409649	75.000000	42.535179	60.417465	0.0136688	0.0271863
2.402252	75.000000	41.833912	60.462559	0.0131856	0.0263385
2.394900	75.000000	41.189522	60.518066	0.0131109	0.0262855
2.387594	75.000000	40.614803	60.572121	0.0129804	0.0260877
2.380332	75.000000	39.997734	60.651222	0.0128415	0.0258549
2.373114	75.000000	39.448025	60.740372	0.0126193	0.0254207
2.365940	75.000000	38.887363	60.849045	0.0121251	0.0244632
2.358809	75.000000	38.370564	60.880226	0.0122275	0.0247077
2.351722	75.000000	37.855972	60.946175	0.0120795	0.0244841
2.344677	75.000000	37.358189	61.003258	0.0122013	0.0248342
2.337674	75.000000	36.89344	61.149548	0.0116734	0.0238886
2.330713	75.000000	36.442524	61.221161	0.0113944	0.0234611
2.323794	75.000000	36.011456	61.347752	0.0116224	0.024083
2.316916	75.000000	35.571079	61.469448	0.0110542	0.0230632
2.310078	75.000000	35.173584	61.666954	0.0109656	0.0230164
2.303281	75.000000	34.76112	61.832745	0.0108469	0.0228979
2.296525	75.000000	34.371361	61.980724	0.0107511	0.0228182
2.289807	75.000000	33.975788	62.184105	0.0105693	0.022549
2.283129	75.000000	33.589802	62.359573	0.0107009	0.0229579
2.276490	75.000000	33.207588	62.575928	0.0105948	0.0228594
2.269890	75.000000	32.846493	62.784996	0.010578	0.0229713
2.263328	75.000000	32.476463	62.931519	0.0108352	0.0236925
2.256804	75.000000	32.099861	63.068302	0.0120927	0.0266459
2.250318	75.000000	31.68482	63.349594	0.0142522	0.0316705
2.243869	75.000000	31.230656	63.637268	0.0163105	0.0366139
2.237457	75.000000	30.845877	63.902515	0.0151571	0.0343499
2.231082	75.000000	30.574591	64.154366	0.0122762	0.0280288
2.224743	75.000000	30.328903	64.4533	0.0106981	0.024575
2.218440	75.000000	30.036375	64.654922	0.0100595	0.0232758
2.212174	75.000000	29.720919	64.92482	0.00994451	0.0232006
2.205942	75.000000	29.417114	65.227638	0.00966906	0.022748
2.199746	75.000000	29.085201	65.499321	0.0097789	0.0232325
2.193584	75.000000	28.747307	65.829063	0.00968165	0.023245
2.187457	75.000000	28.384155	66.149261	0.00969789	0.023563
2.181365	75.000000	28.038429	66.454918	0.00939672	0.0230978
2.175306	75.000000	27.709953	66.822632	0.00921388	0.0229102
2.169282	75.000000	27.359179	67.133049	0.00918552	0.0231242
2.163290	75.000000	27.052864	67.439346	0.00901673	0.0229327
2.157332	75.000000	26.707331	67.720222	0.00880023	0.0226457
2.151407	75.000000	26.350817	68.02153	0.00842724	0.0219555
2.145514	75.000000	26.023693	68.407524	0.00854486	0.0225169
2.139654	75.000000	25.715841	68.797264	0.00838803	0.0223588
2.133825	75.000000	25.388714	69.121956	0.00825858	0.0222776
2.128029	75.000000	25.07579	69.479202	0.00810599	0.022141
2.122264	75.000000	24.744917	69.821968	0.00840174	0.0232776
2.116531	75.000000	24.417522	70.233238	0.00816803	0.022975
2.110828	75.000000	24.080626	70.609367	0.00833737	0.0238481
2.105157	75.000000	23.757313	70.972672	0.00852254	0.0247877
2.099515	75.000000	23.434866	71.343422	0.00839473	0.0248414
2.093904	75.000000	23.075052	71.747154	0.00848236	0.025584
2.088324	75.000000	22.720888	72.075485	0.00818931	0.025167
2.082773	75.000000	22.379467	72.504883	0.00801793	0.0250906
2.077252	75.000000	22.027269	72.818565	0.00821042	0.0261618
2.071760	75.000000	21.67524	73.237877	0.00790924	0.0256414
2.066297	75.000000	21.324356	73.632095	0.00795133	0.0262216
2.060863	75.000000	20.975296	74.026764	0.00781231	0.0262188
2.055458	75.000000	20.640753	74.435638	0.00789318	0.0269459
2.050081	75.000000	20.294775	74.871643	0.00767983	0.0267109
2.044732	75.000000	19.949526	75.328011	0.0077011	0.0272983
2.039412	75.000000	19.621948	75.67672	0.00765495	0.0276618
2.034119	75.000000	19.267153	76.105408	0.00774548	0.0286447
2.028854	75.000000	18.908665	76.532715	0.00770234	0.0291927
2.023616	75.000000	18.567585	76.972176	0.007714	0.0299654
2.018405	75.000000	18.204248	77.353394	0.00749211	0.0299017
2.013221	75.000000	17.860407	77.796608	0.00756066	0.0309981
2.008064	75.000000	17.479588	78.227791	0.00750327	0.0317025
2.002933	75.000000	17.142569	78.658836	0.00748624	0.032488
1.997829	75.000000	16.768629	79.015656	0.00744837	0.0332674
1.992751	75.000000	16.410091	79.536919	0.00739047	0.0339223
1.987698	75.000000	16.052462	79.968025	0.00724506	0.0341656
1.982672	75.000000	15.704297	80.380447	0.00708588	0.0342816
1.977671	75.000000	15.332775	80.894112	0.00716917	0.0356578
1.972695	75.000000	14.967898	81.286591	0.00705965	0.036052
1.967744	75.000000	14.597981	81.737106	0.00696184	0.0365427
1.962819	75.000000	14.240131	82.235291	0.00696153	0.0375832
1.957918	75.000000	13.881621	82.68988	0.00674145	0.0374549
1.953041	75.000000	13.515892	83.116875	0.00691816	0.0396866
1.948190	75.000000	13.157367	83.560959	0.00692502	0.0410554
1.943362	75.000000	12.794185	84.115509	0.00678214	0.0416896
1.938558	75.000000	12.427427	84.570602	0.00668645	0.0426984
1.933778	75.000000	12.064151	85.032066	0.00656062	0.0436047
1.929022	75.000000	11.696334	85.499771	0.00650592	0.0451102
1.924289	75.000000	11.333547	86.056404	0.0065902	0.0476549
1.919580	75.000000	10.958252	86.504623	0.0063806	0.0482911
1.914894	75.000000	10.59585	87.069969	0.0064842	0.051284
1.910231	75.000000	10.228415	87.443947	0.00631196	0.0522045
1.905590	75.000000	9.8648348	88.109169	0.00623607	0.0539315
1.900973	75.000000	9.4721193	88.608635	0.00617365	0.0559862
1.896377	75.000000	9.0304213	89.301437	0.00566788	0.0542918
1.891804	75.000000	8.6441908	89.948364	0.00510906	0.0514246
1.887253	75.000000	8.3719187	90.38813	0.00487864	0.0508976
1.882725	75.000000	8.0781956	90.823639	0.00527808	0.0571249
1.878218	75.000000	7.6998525	91.449631	0.0057725	0.0654598
1.873733	75.000000	7.3289509	92.107498	0.00579543	0.0690322
1.869269	75.000000	6.9439635	92.860779	0.00587572	0.0741002
1.864827	75.000000	6.5950475	93.534363	0.00576741	0.076751
1.860405	75.000000	6.2266555	94.128563	0.00569543	0.0806489
1.856006	75.000000	5.8802538	94.999146	0.00581116	0.0874688
1.851626	75.000000	5.5142703	95.721344	0.00566134	0.091348
1.847268	75.000000	5.1604357	96.567963	0.00562577	0.0976424
1.842930	75.000000	4.7959118	97.436546	0.00563235	0.10578
1.838613	75.000000	4.4485588	98.506798	0.00565121	0.114919
1.834316	75.000000	4.1038513	99.564598	0.00551513	0.121968
1.830040	75.000000	3.7511292	100.71535	0.00546763	0.132621
1.825783	75.000000	3.3965952	102.17152	0.0053875	0.144
1.821546	75.000000	3.0629451	103.71317	0.0053776	0.158369
1.817329	75.000000	2.7152853	105.49719	0.00535244	0.175637
1.813132	75.000000	2.3746984	108.27253	0.00557926	0.203787
1.808954	75.000000	2.0418174	111.14996	0.00546348	0.224342
1.804796	75.000000	1.706989	115.43848	0.00559319	0.259031
1.800657	75.000000	1.3947015	120.4472	0.00561728	0.294868
1.796537	75.000000	1.1045233	129.41483	0.00606352	0.346622
1.792436	75.000000	0.84596109	142.96663	0.00682603	0.403763
1.788354	75.000000	0.66470712	166.0472	0.00848553	0.459363
1.784290	75.000000	0.65574378	196.14005	0.00823439	0.462411
1.780245	75.000000	0.78889263	221.17564	0.0064896	0.441856
1.776219	75.000000	1.0124698	236.72754	0.0057439	0.39684
1.772211	75.000000	1.2963613	247.03552	0.00534082	0.337756
1.768221	75.000000	1.5921813	253.34441	0.00512916	0.286593
1.764249	75.000000	1.8925351	257.38153	0.00510582	0.251164
1.760295	75.000000	2.2152834	260.57712	0.00506969	0.219547
1.756359	75.000000	2.5346444	262.93066	0.00504537	0.194765
1.752441	75.000000	2.8519282	264.88266	0.00500667	0.17426
1.748540	75.000000	3.154783	266.66528	0.00505006	0.160767
1.744657	75.000000	3.479912	268.0929	0.00507694	0.147751
1.740791	75.000000	3.7896826	269.36832	0.00502337	0.135135
1.736943	75.000000	4.102932	-89.667252	0.00511844	0.127593
1.733111	75.000000	4.4122338	-88.682465	0.00506559	0.117691
1.729297	75.000000	4.7146044	-87.820473	0.00509465	0.110914
1.725500	75.000000	5.033093	-86.831978	0.00519076	0.105704
1.721719	75.000000	5.3251767	-86.276901	0.0051538	0.0989882
1.717955	75.000000	5.6382961	-85.600029	0.00517967	0.093535
1.714208	75.000000	5.9303846	-84.788017	0.00521962	0.0891128
1.710477	75.000000	6.2352419	-84.18618	0.00522201	0.0841962
1.706762	75.000000	6.5196967	-83.641869	0.0051413	0.0788039
1.703064	75.000000	6.8109956	-83.044472	0.00530172	0.0771987
1.699382	75.000000	7.0935497	-82.403351	0.00575875	0.079878
1.695716	75.000000	7.3882542	-81.908791	0.00655548	0.0866447
1.692066	75.000000	7.7186999	-81.21534	0.00818996	0.102624
1.688432	75.000000	8.0600271	-80.840469	0.00760877	0.090663
1.684814	75.000000	8.2590885	-80.503204	0.00626379	0.0724828
1.681211	75.000000	8.4640675	-80.228065	0.00560802	0.0630977
1.677624	75.000000	8.6940842	-79.730339	0.00556587	0.0606474
1.674052	75.000000	8.9823551	-79.436279	0.00555193	0.0582877
1.670495	75.000000	9.2630692	-78.957855	0.00555773	0.0562729
1.666954	75.000000	9.5473242	-78.573326	0.00572955	0.0560394
1.663428	75.000000	9.8191261	-78.05426	0.00577924	0.0546784
1.659917	75.000000	10.089505	-77.705292	0.005772	0.0529417
1.656421	75.000000	10.344607	-77.294907	0.00593063	0.0528595
1.652940	75.000000	10.616811	-76.913048	0.00586376	0.0507013
1.649474	75.000000	10.871626	-76.565224	0.00599725	0.0504288
1.646022	75.000000	11.122716	-76.237152	0.00592078	0.0484692
1.642585	75.000000	11.387752	-75.768158	0.00605158	0.048099
1.639163	75.000000	11.645312	-75.459045	0.0060461	0.046752
1.635755	75.000000	11.885753	-75.166191	0.00611172	0.0460596
1.632361	75.000000	12.132731	-74.825401	0.00614014	0.045065
1.628981	75.000000	12.392336	-74.403831	0.00626927	0.0447081
1.625616	75.000000	12.630339	-74.059738	0.00621206	0.0431923
1.622264	75.000000	12.872427	-73.720245	0.00634792	0.0429891
1.618927	75.000000	13.112093	-73.462013	0.00633959	0.0418847
1.615603	75.000000	13.361884	-73.081642	0.00650986	0.0418655
1.612294	75.000000	13.577122	-72.896248	0.00649083	0.0408809
1.608998	75.000000	13.819057	-72.501717	0.00652545	0.0400429
1.605715	75.000000	14.056998	-72.167381	0.00659195	0.0394711
1.602446	75.000000	14.283941	-71.870842	0.0066122	0.0387161
1.599191	75.000000	14.50129	-71.549278	0.006777	0.038826
1.595949	75.000000	14.733345	-71.348442	0.00674793	0.0378408
1.592720	75.000000	14.961108	-71.030037	0.00705298	0.0387022
1.589505	75.000000	15.155997	-70.739876	0.00700714	0.0377625
1.586303	75.000000	15.390554	-70.474243	0.0070537	0.0372128
1.583113	75.000000	15.604462	-70.202141	0.00707879	0.0366486
1.579937	75.000000	15.815828	-69.870461	0.00690238	0.0350762
1.576774	75.000000	16.020056	-69.619858	0.00694477	0.0346934
1.573623	75.000000	16.227547	-69.328346	0.00724673	0.0355529
1.570485	75.000000	16.450382	-69.120392	0.00755919	0.0364296
1.567360	75.000000	16.655352	-68.843353	0.00738907	0.0350355
1.564248	75.000000	16.83136	-68.543869	0.00729344	0.0340683
1.561148	75.000000	17.055593	-68.319794	0.00774515	0.0355483
1.558060	75.000000	17.239159	-68.059807	0.00766421	0.0346619
1.554985	75.000000	17.435791	-67.844398	0.00768214	0.0342143
1.551922	75.000000	17.625864	-67.561142	0.00785969	0.0344828
1.548872	75.000000	17.823374	-67.42379	0.00811869	0.0350934
1.545833	75.000000	18.032215	-67.07962	0.00798851	0.0339268
1.542807	75.000000	18.202553	-66.859589	0.00798235	0.033461
1.539793	75.000000	18.390623	-66.711075	0.00824236	0.0340751
1.536790	75.000000	18.563944	-66.442383	0.00824891	0.0336263
1.533800	75.000000	18.752886	-66.146545	0.0081544	0.0327474
1.530821	75.000000	18.930714	-65.948059	0.00828915	0.0328434
1.527854	75.000000	19.136341	-65.667183	0.00831762	0.0324194
1.524899	75.000000	19.288599	-65.427246	0.00839272	0.0323006
1.521955	75.000000	19.465672	-65.257202	0.00851188	0.0323592
1.519023	75.000000	19.642282	-65.024567	0.00854352	0.0320308
1.516103	75.000000	19.807007	-64.814514	0.00888825	0.0329158
1.513194	75.000000	20.013527	-64.651817	0.00897028	0.0327553
1.510296	75.000000	20.181566	-64.380859	0.00872293	0.0314415
1.507409	75.000000	20.323084	-64.232559	0.0091016	0.0324673
1.504534	75.000000	20.501387	-63.894341	0.00900497	0.0316905
1.501670	75.000000	20.677673	-63.760517	0.00919862	0.0320011
1.498816	75.000000	20.834019	-63.585175	0.00927621	0.0319296
1.495974	75.000000	20.990585	-63.324112	0.00918088	0.0312209
1.493143	75.000000	21.134224	-63.107071	0.00930121	0.0312976
1.490323	75.000000	21.328854	-62.897934	0.00962816	0.0320029
1.487514	75.000000	21.455616	-62.792637	0.009468	0.0312335
1.484715	75.000000	21.620779	-62.520958	0.00936416	0.0305253
1.481927	75.000000	21.778692	-62.360466	0.00961468	0.0310161
1.479150	75.000000	21.944435	-62.168739	0.00990113	0.0316111
1.476383	75.000000	22.096392	-61.995251	0.00992161	0.0313837
1.473627	75.000000	22.239779	-61.814518	0.0100262	0.0314168
1.470882	75.000000	22.38879	-61.642941	0.0103323	0.0320611
1.468146	75.000000	22.523005	-61.449612	0.010307	0.0317032
1.465422	75.000000	22.699442	-61.307369	0.0103869	0.0316274
1.462707	75.000000	22.823183	-61.122955	0.0103067	0.0311277
1.460003	75.000000	22.98992	-60.904881	0.0106286	0.0317568
1.457309	75.000000	23.121834	-60.73946	0.0106197	0.0314525
1.454625	75.000000	23.256227	-60.492996	0.0106894	0.0313639
1.451951	75.000000	23.403934	-60.444641	0.0114539	0.0333938
1.449287	75.000000	23.533049	-60.167732	0.0112005	0.0323541
1.446633	75.000000	23.69471	-60.046707	0.0107582	0.0307903
1.443989	75.000000	23.801596	-59.930489	0.0113097	0.0321545
1.441356	75.000000	23.937223	-59.70565	0.0113532	0.0319695
1.438731	75.000000	24.091265	-59.550442	0.0113276	0.0316108
1.436117	75.000000	24.212477	-59.338387	0.0117424	0.0325192
1.433512	75.000000	24.353695	-59.242386	0.0117219	0.0322268
1.430917	75.000000	24.492128	-59.053246	0.0121601	0.0331694
1.428332	75.000000	24.641708	-58.923679	0.0120506	0.032601
1.425755	75.000000	24.754961	-58.767715	0.0116446	0.0312882
1.423189	75.000000	24.875008	-58.626411	0.0119814	0.0319462
1.420632	75.000000	25.000395	-58.480923	0.0125266	0.0331664
1.418085	75.000000	25.139774	-58.299797	0.0127437	0.0334611
1.415546	75.000000	25.239893	-58.168892	0.0128618	0.0335828
1.413017	75.000000	25.387686	-58.118145	0.0126518	0.0328
1.410498	75.000000	25.522709	-57.923103	0.0130218	0.0335291
1.407987	75.000000	25.635433	-57.734554	0.0128376	0.0327853
1.405486	75.000000	25.7717	-57.629627	0.0131775	0.0334326
1.402994	75.000000	25.887358	-57.463749	0.0133939	0.0337768
1.400511	75.000000	26.003849	-57.329327	0.0133955	0.0335662
1.398036	75.000000	26.119282	-57.262035	0.0137615	0.0343185
1.395571	75.000000	26.263252	-57.032726	0.0136099	0.0336485
1.393115	75.000000	26.362978	-56.916759	0.0134381	0.0330402
1.390667	75.000000	26.493114	-56.822227	0.0134383	0.0328171
1.388229	75.000000	26.598228	-56.672295	0.013698	0.0332596
1.385799	75.000000	26.701883	-56.525566	0.01377	0.0332489
1.383378	75.000000	26.808878	-56.32058	0.0141644	0.0339603
1.380966	75.000000	26.933676	-56.25193	0.0144171	0.0343888
1.378562	75.000000	27.070982	-56.114269	0.0147397	0.0349157
1.376167	75.000000	27.145416	-56.051414	0.014719	0.0347165
1.373780	75.000000	27.269438	-55.962399	0.0150018	0.0352057
1.371402	75.000000	27.391293	-55.774464	0.0150287	0.0350367
1.369032	75.000000	27.496708	-55.712841	0.015368	0.0356504
1.366671	75.000000	27.622171	-55.573471	0.0155901	0.0359412
1.364318	75.000000	27.733847	-55.461113	0.0154487	0.0354418
1.361974	75.000000	27.836128	-55.293533	0.0159386	0.0363522
1.359638	75.000000	27.940018	-55.197182	0.0158359	0.0359239
1.357310	75.000000	28.056812	-55.062904	0.0163446	0.0368776
1.354990	75.000000	28.196098	-54.952076	0.0161731	0.0362456
1.352679	75.000000	28.301708	-54.832054	0.0162725	0.0362722
1.350375	75.000000	28.410585	-54.691036	0.0164449	0.0364623
1.348080	75.000000	28.49848	-54.639961	0.0166616	0.0368035
1.345793	75.000000	28.642771	-54.541908	0.0171338	0.037627
1.343513	75.000000	28.741339	-54.367516	0.0182149	0.0397769
1.341242	75.000000	28.809805	-54.258846	0.0181596	0.0394744
1.338978	75.000000	28.928152	-54.174305	0.0183924	0.0398155
1.336723	75.000000	29.02154	-54.092617	0.0182816	0.0393793
1.334475	75.000000	29.113453	-53.89344	0.0187674	0.0402013
1.332236	75.000000	29.247522	-53.922939	0.0196257	0.0419374
1.330003	75.000000	29.287077	-53.751686	0.0205748	0.0437619
1.327779	75.000000	29.436687	-53.729328	0.0206748	0.0437887
1.325562	75.000000	29.51313	-53.659534	0.0225596	0.0476287
1.323354	75.000000	29.642687	-53.597759	0.0238015	0.049998
1.321152	75.000000	29.730907	-53.403858	0.0254664	0.0532699
1.318958	75.000000	29.815609	-53.286053	0.0269851	0.0561598
1.316772	75.000000	29.904577	-53.173145	0.0281077	0.0582625
1.314593	75.000000	29.939434	-53.085281	0.0283403	0.0586323
1.312422	75.000000	30.093618	-52.98727	0.0293386	0.0603275
1.310258	75.000000	30.237825	-52.835373	0.0286286	0.0585353
1.308102	75.000000	30.292337	-52.740601	0.0293235	0.059736
1.305953	75.000000	30.471394	-52.839451	0.0282781	0.0573744
1.303811	75.000000	30.529455	-52.563965	0.027078	0.0545984
1.301677	75.000000	30.600767	-52.405849	0.0270918	0.0543858
1.299549	75.000000	30.741047	-52.477497	0.0271238	0.054357
1.297430	75.000000	30.881046	-52.456741	0.0279754	0.055786
1.295317	75.000000	30.958338	-52.398304	0.0275089	0.0546841
1.293211	75.000000	31.091654	-52.130943	0.0266945	0.0527147
1.291113	75.000000	31.114462	-52.016262	0.027134	0.0533814
1.289021	75.000000	31.247099	-52.064842	0.027153	0.0532934
1.286937	75.000000	31.327557	-52.01107	0.0274264	0.0536795
1.284859	75.000000	31.474138	-52.000893	0.0276341	0.0539349
1.282789	75.000000	31.53908	-51.796345	0.0274884	0.0533088
1.280726	75.000000	31.662348	-51.684753	0.02705	0.0522473
1.278669	75.000000	31.757841	-51.71405	0.0268373	0.0517248
1.276620	75.000000	31.833242	-51.574535	0.02713	0.0520456
1.274577	75.000000	31.944084	-51.470535	0.0281119	0.0537681
1.272541	75.000000	32.035774	-51.475281	0.0291487	0.0555864
1.270512	75.000000	32.15062	-51.297558	0.0306637	0.058136
1.268489	75.000000	32.202164	-51.258827	0.0302894	0.0573004
1.266474	75.000000	32.363457	-51.098347	0.029653	0.055841
1.264465	75.000000	32.394501	-51.180405	0.0294717	0.0555283
1.262462	75.000000	32.508362	-50.999592	0.0303981	0.0568548
1.260467	75.000000	32.617573	-50.959858	0.0310033	0.0577773
1.258478	75.000000	32.713715	-50.866528	0.0313333	0.0581662
1.256495	75.000000	32.807682	-50.813206	0.0313745	0.0581174
1.254519	75.000000	32.85408	-50.739704	0.0335012	0.0619145
1.252550	75.000000	32.976757	-50.83247	0.0344582	0.0635937
1.250587	75.000000	33.077625	-50.4832	0.0349268	0.0640146
1.248630	75.000000	33.16568	-50.569881	0.0343495	0.06286
1.246680	75.000000	33.250134	-50.457916	0.033957	0.0618876
1.244737	75.000000	33.365238	-50.284389	0.0362443	0.065831
1.242799	75.000000	33.487556	-50.205704	0.0359192	0.0649703
1.240868	75.000000	33.550213	-50.25259	0.0366858	0.0662404