
VASEmethod[EllipsometerType=4, Isotropic, FixedPol=45.00, ZoneAve=1, Revs=200, WVASE=3.826, HardVer=17.034, Mon Feb 20 15:54:03 2017]
Original[170220_zno_5k.dat]
eV
5.030387	65.000000	2.6607718	17.275043	0.0544724	0.779152
4.998222	65.000000	2.9531806	-6.3746228	0.0590306	0.691379
4.966466	65.000000	3.825356	-22.456457	0.0529275	0.553814
4.935110	65.000000	4.9003778	-32.491028	0.0488485	0.461635
4.904146	65.000000	6.2961793	-36.753159	0.0490855	0.38576
4.873568	65.000000	7.7584448	-38.289299	0.050049	0.326841
4.843369	65.000000	9.0575132	-39.223728	0.051941	0.293858
4.813541	65.000000	10.801785	-37.881927	0.0546332	0.252991
4.784078	65.000000	12.397235	-36.673233	0.0590272	0.232619
4.754972	65.000000	14.161415	-34.367508	0.0625829	0.207903
4.726219	65.000000	15.967696	-31.376783	0.0706528	0.198676
4.697810	65.000000	17.814135	-28.067406	0.0744859	0.178495
4.669741	65.000000	19.447096	-24.811954	0.0801799	0.168789
4.642004	65.000000	21.218967	-20.740614	0.0870466	0.159607
4.614595	65.000000	22.855366	-16.572891	0.0948274	0.154737
4.587507	65.000000	24.788179	-11.966514	0.0998828	0.14565
4.560735	65.000000	26.138327	-6.9054184	0.105721	0.14152
4.534273	65.000000	27.253796	-1.3733215	0.108253	0.138866
4.508116	65.000000	28.394995	3.9782627	0.108771	0.136473
4.482259	65.000000	29.273245	9.2563152	0.1103	0.139755
4.456696	65.000000	29.904181	14.573715	0.110799	0.145551
4.431423	65.000000	30.224079	19.524664	0.105319	0.145446
4.406435	65.000000	30.498175	24.989807	0.106709	0.157091
4.381727	65.000000	30.481855	29.950502	0.104229	0.164032
4.357294	65.000000	30.197433	34.598518	0.103645	0.174521
4.333132	65.000000	29.91638	39.326744	0.10117	0.183354
4.309236	65.000000	29.414129	43.300262	0.0985189	0.188787
4.285602	65.000000	28.754404	46.966469	0.0957304	0.196445
4.262225	65.000000	28.183661	50.5397	0.0941865	0.204513
4.239102	65.000000	27.622526	53.805676	0.0922029	0.210827
4.216228	65.000000	26.834454	56.781582	0.0891109	0.21555
4.193600	65.000000	26.191496	59.131603	0.0882509	0.223555
4.171213	65.000000	25.475096	62.132969	0.0868542	0.232397
4.149064	65.000000	24.771749	64.327942	0.08143	0.227564
4.127149	65.000000	24.321306	66.620224	0.0822017	0.239231
4.105463	65.000000	23.593725	69.006065	0.0825669	0.252637
4.084005	65.000000	23.065075	70.934387	0.0817564	0.259234
4.062769	65.000000	22.61401	73.55558	0.0797287	0.262466
4.041753	65.000000	21.984688	75.542107	0.0785518	0.269933
4.020953	65.000000	21.502972	77.413368	0.0778658	0.275857
4.000366	65.000000	21.035452	79.406509	0.0757195	0.276314
3.979989	65.000000	20.519665	81.64106	0.0780328	0.295387
3.959818	65.000000	19.991741	84.274948	0.0760495	0.297437
3.939851	65.000000	19.700518	85.640198	0.0752858	0.298846
3.920083	65.000000	19.105688	88.107353	0.0757156	0.311932
3.900514	65.000000	18.723421	90.081161	0.0742969	0.312586
3.881138	65.000000	18.202751	92.336937	0.0743865	0.320107
3.861954	65.000000	17.868979	94.461502	0.0736807	0.321496
3.842959	65.000000	17.407673	96.834488	0.0736465	0.329675
3.824150	65.000000	16.900633	98.996758	0.0740082	0.33775
3.805523	65.000000	16.699068	101.25507	0.0737365	0.334544
3.787078	65.000000	16.323261	103.6906	0.0753693	0.346438
3.768810	65.000000	15.99853	105.26898	0.0750619	0.349246
3.750718	65.000000	15.536437	107.79649	0.0747383	0.350393
3.732799	65.000000	15.245739	109.94965	0.0752648	0.35194
3.715050	65.000000	14.826407	112.53017	0.0773586	0.365837
3.697469	65.000000	14.558952	114.88483	0.0757923	0.359152
3.680054	65.000000	14.155482	116.77359	0.0770191	0.366906
3.662802	65.000000	13.955786	119.55168	0.0786393	0.370014
3.645711	65.000000	13.702457	120.94549	0.0779267	0.369619
3.628778	65.000000	13.580323	122.64738	0.0813171	0.384401
3.612003	65.000000	13.41331	124.66417	0.0824359	0.386463
3.595382	65.000000	13.311148	126.10155	0.081041	0.37603
3.578913	65.000000	13.262312	127.20809	0.081763	0.37781
3.562594	65.000000	13.779728	129.42509	0.084522	0.371618
3.546424	65.000000	13.86773	131.62791	0.0854895	0.366437
3.530400	65.000000	14.291806	132.67332	0.0826436	0.341087
3.514520	65.000000	14.847245	135.13072	0.0803411	0.315837
3.498782	65.000000	15.632251	137.99774	0.080592	0.296302
3.483185	65.000000	16.642181	142.14082	0.0800207	0.271613
3.467726	65.000000	17.945061	146.14948	0.074844	0.234817
3.452404	65.000000	19.238039	150.6002	0.0720375	0.210775
3.437217	65.000000	20.680609	155.35767	0.066614	0.181401
3.422163	65.000000	22.146696	160.93875	0.0647199	0.163624
3.407240	65.000000	23.630281	166.82008	0.0607516	0.144433
3.392447	65.000000	24.876251	173.05592	0.0589628	0.136395
3.377782	65.000000	25.948479	180.11908	0.0557598	0.126908
3.363244	65.000000	26.571314	186.84419	0.0560949	0.126981
3.348830	65.000000	27.048134	192.69493	0.0649362	0.145449
3.334539	65.000000	27.490505	198.36043	0.0833551	0.186171
3.320370	65.000000	27.56428	203.92484	0.128769	0.293762
3.306321	65.000000	27.641483	210.17126	0.157685	0.374889
3.292390	65.000000	28.042391	215.25441	0.120424	0.283273
3.278576	65.000000	28.450483	219.73642	0.0776548	0.180743
3.264878	65.000000	28.696886	223.4557	0.0566233	0.131534
3.251294	65.000000	28.864391	226.59407	0.0493697	0.114763
3.237823	65.000000	29.111525	229.8242	0.0457978	0.10675
3.224463	65.000000	29.337498	233.16164	0.0441416	0.102941
3.211213	65.000000	29.816452	236.47121	0.0434866	0.100656
3.198071	65.000000	30.060421	239.10239	0.0418481	0.096405
3.185037	65.000000	30.447184	241.36589	0.0410464	0.0938385
3.172108	65.000000	30.720139	243.67865	0.0404991	0.0921465
3.159285	65.000000	31.266609	245.70583	0.0403858	0.0910071
3.146564	65.000000	31.748549	247.64095	0.0390334	0.0871475
3.133946	65.000000	32.235882	249.6584	0.039453	0.0872618
3.121429	65.000000	32.817299	251.12741	0.0379332	0.0831316
3.109011	65.000000	33.351063	252.69719	0.0377078	0.0819565
3.096693	65.000000	33.916412	253.83429	0.0386396	0.0833059
3.084471	65.000000	34.587742	255.13133	0.0384939	0.0821731
3.072346	65.000000	35.305023	256.32422	0.0383153	0.0809957
3.060316	65.000000	36.012775	257.17792	0.0374026	0.0783845
3.048379	65.000000	36.799381	258.07147	0.0373846	0.0777194
3.036536	65.000000	37.6423	258.67896	0.0383285	0.0791069
3.024785	65.000000	38.507519	259.50653	0.0386803	0.0792954
3.013124	65.000000	39.522854	259.81665	0.0391042	0.0796373
3.001553	65.000000	40.527641	260.24747	0.0388904	0.0787539
2.990070	65.000000	41.56303	260.79272	0.0390882	0.0788311
2.978676	65.000000	42.830101	260.80453	0.0397729	0.0799435
2.967368	65.000000	43.999504	260.94699	0.0400263	0.0803075
2.956146	65.000000	45.384888	260.79935	0.0412848	0.0827813
2.945008	65.000000	46.91708	260.51102	0.0413924	0.0831391
2.933954	65.000000	48.389465	260.2944	0.0414447	0.0835697
2.922983	65.000000	49.987713	259.9501	0.0411767	0.0836088
2.912094	65.000000	51.771652	259.32272	0.0435101	0.0893108
2.901286	65.000000	53.702606	258.59164	0.0445615	0.0928415
2.890558	65.000000	55.773464	257.60965	0.0445016	0.0946303
2.879909	65.000000	57.82774	256.32822	0.0454493	0.0993286
2.869339	65.000000	60.082493	255.10362	0.0473512	0.107562
2.858846	65.000000	62.403084	253.15422	0.0489589	0.116863
2.848429	65.000000	64.919182	250.8239	0.0501382	0.127608
2.838089	65.000000	67.45034	248.21141	0.0514861	0.141158
2.827823	65.000000	70.011909	244.08681	0.0522252	0.157564
2.817631	65.000000	72.602768	238.75702	0.0528064	0.180103
2.807513	65.000000	75.019897	232.19205	0.0494231	0.195889
2.797468	65.000000	77.292351	223.16518	0.0502179	0.238767
2.787494	65.000000	79.08548	209.85878	0.0472888	0.269206
2.777592	65.000000	80.133568	193.90274	0.0474041	0.304183
2.767759	65.000000	80.301407	174.9227	0.0467769	0.305495
2.757996	65.000000	79.512688	157.38692	0.0461615	0.274362
2.748302	65.000000	77.918243	143.23833	0.0474905	0.23952
2.738676	65.000000	75.915329	133.06992	0.0469133	0.199288
2.729118	65.000000	73.599953	125.58941	0.0453268	0.164439
2.719626	65.000000	71.253464	120.18811	0.045038	0.14403
2.710199	65.000000	68.889343	116.27261	0.0417096	0.120971
2.700839	65.000000	66.715614	112.97524	0.0400493	0.107946
2.691543	65.000000	64.521332	110.52228	0.0379593	0.0961157
2.682310	65.000000	62.426468	108.42798	0.0367547	0.0883804
2.673142	65.000000	60.402725	106.88573	0.0350984	0.0807262
2.664035	65.000000	58.53027	105.4203	0.0348541	0.0774025
2.654991	65.000000	56.815403	104.45454	0.0330047	0.0713892
2.646008	65.000000	55.000145	103.28804	0.0318102	0.0672643
2.637086	65.000000	53.412743	102.57158	0.0308119	0.0641561
2.628224	65.000000	51.83886	101.72817	0.029917	0.0615127
2.619422	65.000000	50.476189	101.07816	0.0293572	0.0598099
2.610678	65.000000	49.14743	100.55038	0.0275615	0.0557398
2.601993	65.000000	47.942181	100.12519	0.026486	0.0532925
2.593365	65.000000	46.751797	99.758392	0.0255478	0.0512444
2.584795	65.000000	45.639896	99.495308	0.0248783	0.0498272
2.576281	65.000000	44.583656	99.229156	0.0239368	0.0479531
2.567824	65.000000	43.642014	99.05497	0.022777	0.0456811
2.559422	65.000000	42.725449	98.846832	0.0207865	0.0417575
2.551075	65.000000	41.90292	98.718277	0.0203928	0.0410543
2.542782	65.000000	41.189735	98.688995	0.0196794	0.0397211
2.534544	65.000000	40.36488	98.661224	0.0206312	0.0418046
2.526358	65.000000	39.571224	98.827103	0.0200267	0.0407817
2.518226	65.000000	38.896595	98.803787	0.0199311	0.0407855
2.510146	65.000000	38.196503	98.913933	0.0191011	0.0393097
2.502118	65.000000	37.560116	99.048515	0.0187305	0.0387599
2.494141	65.000000	36.965244	99.230576	0.017814	0.0370555
2.486215	65.000000	36.439251	99.445114	0.0176705	0.0369351
2.478339	65.000000	35.925903	99.583298	0.0169054	0.0355269
2.470513	65.000000	35.414677	99.869034	0.0167954	0.0355133
2.462737	65.000000	34.925735	100.14211	0.0167846	0.0357435
2.455010	65.000000	34.453869	100.41775	0.0164793	0.0353656
2.447331	65.000000	34.042118	100.7943	0.0161266	0.0348618
2.439700	65.000000	33.562286	101.0948	0.0155093	0.033819
2.432117	65.000000	33.165337	101.52948	0.0157179	0.0345233
2.424581	65.000000	32.729164	101.86391	0.0150313	0.0332584
2.417092	65.000000	32.342449	102.34506	0.0147898	0.0329164
2.409649	65.000000	31.949409	102.75584	0.0143971	0.032239
2.402252	65.000000	31.585558	103.24002	0.0143123	0.0322234
2.394900	65.000000	31.271042	103.6103	0.0141662	0.0320643
2.387594	65.000000	30.939037	104.12451	0.0139674	0.0318237
2.380332	65.000000	30.639721	104.61374	0.0139341	0.0319741
2.373114	65.000000	30.332321	105.15589	0.0135631	0.0313876
2.365940	65.000000	30.034586	105.69449	0.0132897	0.0310104
2.358809	65.000000	29.709692	106.25613	0.013165	0.0310036
2.351722	65.000000	29.412422	106.75696	0.0129096	0.0306518
2.344677	65.000000	29.085978	107.43254	0.0126965	0.0303898
2.337674	65.000000	28.815849	107.99304	0.0126158	0.0303809
2.330713	65.000000	28.553471	108.69653	0.0122581	0.0296693
2.323794	65.000000	28.267052	109.23444	0.0120655	0.0293758
2.316916	65.000000	28.029284	109.88658	0.0120216	0.0293939
2.310078	65.000000	27.804388	110.518	0.0118763	0.0291724
2.303281	65.000000	27.548845	111.16543	0.0118471	0.0292876
2.296525	65.000000	27.325962	111.83922	0.0115569	0.028739
2.289807	65.000000	27.0947	112.46216	0.0114589	0.0286992
2.283129	65.000000	26.859478	113.1965	0.0113006	0.0285048
2.276490	65.000000	26.628901	113.83856	0.0113465	0.0288378
2.269890	65.000000	26.438545	114.562	0.0112718	0.0288086
2.263328	65.000000	26.188189	115.32311	0.0115329	0.0296809
2.256804	65.000000	25.955618	116.07405	0.0130891	0.0338623
2.250318	65.000000	25.661564	116.93437	0.0155722	0.0405284
2.243869	65.000000	25.441002	117.80474	0.0173097	0.0452261
2.237457	65.000000	25.192484	118.75243	0.0159579	0.0419466
2.231082	65.000000	25.050694	119.38115	0.0136008	0.0358381
2.224743	65.000000	24.89616	119.98383	0.0117451	0.0310539
2.218440	65.000000	24.765696	120.64102	0.0108508	0.0287582
2.212174	65.000000	24.577282	121.38834	0.0106197	0.0282614
2.205942	65.000000	24.379513	122.10571	0.0103814	0.0277577
2.199746	65.000000	24.218927	122.88673	0.0105189	0.0282039
2.193584	65.000000	24.03343	123.75791	0.0102585	0.0275915
2.187457	65.000000	23.854706	124.58714	0.0102582	0.027651
2.181365	65.000000	23.661428	125.45557	0.0101837	0.027528
2.175306	65.000000	23.469635	126.31315	0.00999279	0.0270836
2.169282	65.000000	23.31345	127.14192	0.00953076	0.0258579
2.163290	65.000000	23.159725	128.0453	0.00953971	0.025918
2.157332	65.000000	22.95602	128.91209	0.00932766	0.0254243
2.151407	65.000000	22.788	129.8316	0.00917984	0.0250539
2.145514	65.000000	22.630533	130.68935	0.00916342	0.0250528
2.139654	65.000000	22.496813	131.53706	0.00899439	0.0246035
2.133825	65.000000	22.341383	132.41623	0.00872693	0.0239134
2.128029	65.000000	22.201757	133.27077	0.00881685	0.0241713
2.122264	65.000000	22.051048	134.12329	0.00905813	0.0248317
2.116531	65.000000	21.898516	135.03621	0.00886122	0.0242698
2.110828	65.000000	21.772474	135.94621	0.00925109	0.0252489
2.105157	65.000000	21.638365	136.82361	0.00925741	0.0251893
2.099515	65.000000	21.480867	137.7009	0.00916111	0.0248483
2.093904	65.000000	21.346777	138.65273	0.00909215	0.0245501
2.088324	65.000000	21.203436	139.68497	0.00899981	0.0241927
2.082773	65.000000	21.079676	140.66006	0.00907715	0.0243029
2.077252	65.000000	20.936291	141.55128	0.00898741	0.0240006
2.071760	65.000000	20.812677	142.57748	0.00914267	0.0243809
2.066297	65.000000	20.680494	143.56009	0.00880537	0.0234565
2.060863	65.000000	20.55076	144.48769	0.00876803	0.02334
2.055458	65.000000	20.44692	145.4328	0.00881317	0.0234204
2.050081	65.000000	20.321264	146.34122	0.00884526	0.0234697
2.044732	65.000000	20.223797	147.29558	0.00888284	0.0235016
2.039412	65.000000	20.116091	148.2784	0.00901847	0.0237769
2.034119	65.000000	20.00639	149.17278	0.0090868	0.0238048
2.028854	65.000000	19.9072	150.1627	0.00883681	0.0229669
2.023616	65.000000	19.787453	151.20357	0.00917657	0.0236633
2.018405	65.000000	19.681442	152.18512	0.00897917	0.022931
2.013221	65.000000	19.591015	153.17723	0.00902848	0.0228144
2.008064	65.000000	19.5014	154.21248	0.00919328	0.0229539
2.002933	65.000000	19.406429	155.19078	0.00902185	0.0223136
1.997829	65.000000	19.319481	156.23534	0.00893666	0.0218976
1.992751	65.000000	19.230555	157.24033	0.00918112	0.0223527
1.987698	65.000000	19.148052	158.22142	0.00907369	0.0219575
1.982672	65.000000	19.04954	159.23386	0.00906575	0.0218649
1.977671	65.000000	18.97134	160.20831	0.00917149	0.0220442
1.972695	65.000000	18.899288	161.26375	0.00906006	0.0217239
1.967744	65.000000	18.81502	162.25682	0.00907355	0.0217275
1.962819	65.000000	18.756481	163.23221	0.00902305	0.0215442
1.957918	65.000000	18.683104	164.25395	0.00915215	0.0218024
1.953041	65.000000	18.618399	165.29678	0.00942151	0.0223218
1.948190	65.000000	18.552704	166.25731	0.00926678	0.021815
1.943362	65.000000	18.488644	167.30179	0.00924508	0.0215784
1.938558	65.000000	18.435953	168.28841	0.00918102	0.0212232
1.933778	65.000000	18.36845	169.32335	0.00933769	0.0213567
1.929022	65.000000	18.327406	170.28561	0.00908812	0.0205261
1.924289	65.000000	18.262808	171.33858	0.00933329	0.0208664
1.919580	65.000000	18.228592	172.28914	0.00931851	0.0205763
1.914894	65.000000	18.191484	173.33794	0.00929386	0.0203119
1.910231	65.000000	18.148005	174.37338	0.00941449	0.0204006
1.905590	65.000000	18.098005	175.35547	0.00938708	0.0202274
1.900973	65.000000	18.046463	176.39105	0.00937376	0.0201394
1.896377	65.000000	18.007526	177.6463	0.00890785	0.0190626
1.891804	65.000000	17.985001	178.71321	0.0079954	0.0170478
1.887253	65.000000	17.972849	179.4575	0.00778994	0.016583
1.882725	65.000000	17.944538	180.21252	0.00845823	0.0180915
1.878218	65.000000	17.912392	181.19818	0.00912081	0.01967
1.873733	65.000000	17.893082	182.25014	0.00927676	0.0201221
1.869269	65.000000	17.86718	183.26512	0.00927128	0.0201492
1.864827	65.000000	17.837715	184.23326	0.00936239	0.0203997
1.860405	65.000000	17.826588	185.19963	0.00926175	0.0201843
1.856006	65.000000	17.803186	186.21098	0.00936565	0.0204229
1.851626	65.000000	17.798157	187.1671	0.00909876	0.0198137
1.847268	65.000000	17.774801	188.12939	0.00928014	0.0201592
1.842930	65.000000	17.77799	189.06035	0.00920561	0.0199417
1.838613	65.000000	17.759809	189.98637	0.00932687	0.020158
1.834316	65.000000	17.779091	190.9361	0.00912155	0.0196694
1.830040	65.000000	17.7631	191.91365	0.00897137	0.0193306
1.825783	65.000000	17.767069	192.81282	0.00912558	0.0196619
1.821546	65.000000	17.789427	193.80441	0.00895596	0.0193192
1.817329	65.000000	17.766552	194.70027	0.0091524	0.0198391
1.813132	65.000000	17.798983	195.60541	0.00901579	0.0196123
1.808954	65.000000	17.788095	196.53238	0.00900685	0.019752
1.804796	65.000000	17.810066	197.41284	0.00896789	0.019807
1.800657	65.000000	17.822088	198.31085	0.00893285	0.0199037
1.796537	65.000000	17.839746	199.20601	0.00890108	0.020045
1.792436	65.000000	17.834511	200.09758	0.00891224	0.0202859
1.788354	65.000000	17.869322	201.02441	0.00887379	0.0203892
1.784290	65.000000	17.88792	201.85966	0.0087453	0.0202858
1.780245	65.000000	17.900476	202.72536	0.00873445	0.0204697
1.776219	65.000000	17.930531	203.59259	0.00863386	0.0204097
1.772211	65.000000	17.944027	204.43993	0.00843519	0.0201142
1.768221	65.000000	17.979967	205.31177	0.00860813	0.0206914
1.764249	65.000000	18.003477	206.11984	0.00855124	0.02069
1.760295	65.000000	18.036577	206.98776	0.00846924	0.0206396
1.756359	65.000000	18.074024	207.81503	0.00846535	0.0207583
1.752441	65.000000	18.096905	208.71109	0.00852978	0.0210886
1.748540	65.000000	18.120167	209.5265	0.00835003	0.0207814
1.744657	65.000000	18.172615	210.2847	0.00843157	0.0210923
1.740791	65.000000	18.211927	211.06905	0.00833043	0.0209773
1.736943	65.000000	18.251312	211.89699	0.00846236	0.0214572
1.733111	65.000000	18.3001	212.70686	0.00846867	0.0216388
1.729297	65.000000	18.325514	213.45766	0.00836454	0.0215497
1.725500	65.000000	18.366055	214.22305	0.0083773	0.0217604
1.721719	65.000000	18.39888	214.94762	0.00822415	0.0215445
1.717955	65.000000	18.455963	215.74268	0.00844764	0.0223212
1.714208	65.000000	18.503792	216.48917	0.00836842	0.0223018
1.710477	65.000000	18.549414	217.22852	0.00832739	0.0224077
1.706762	65.000000	18.580973	217.97435	0.008207	0.0223004
1.703064	65.000000	18.627113	218.6642	0.00864384	0.023694
1.699382	65.000000	18.687235	219.38589	0.00906949	0.0250498
1.695716	65.000000	18.717648	220.1505	0.0101568	0.0283278
1.692066	65.000000	18.759544	220.91148	0.0122414	0.0344281
1.688432	65.000000	18.844795	221.78957	0.0116732	0.0331343
1.684814	65.000000	18.895277	222.32515	0.00940841	0.0268742
1.681211	65.000000	18.932856	222.83246	0.00868061	0.0248956
1.677624	65.000000	18.981306	223.38641	0.00828378	0.0239223
1.674052	65.000000	19.04517	224.1021	0.00837833	0.0243345
1.670495	65.000000	19.113766	224.73479	0.00842733	0.0246212
1.666954	65.000000	19.159664	225.43488	0.00829298	0.0244299
1.663428	65.000000	19.203753	226.14355	0.00855366	0.0253692
1.659917	65.000000	19.270462	226.76334	0.00849766	0.0253342
1.656421	65.000000	19.331848	227.41937	0.00863205	0.0258981
1.652940	65.000000	19.374107	228.04199	0.00847601	0.0255996
1.649474	65.000000	19.444757	228.72455	0.00822207	0.024973
1.646022	65.000000	19.506308	229.34822	0.00860763	0.0262975
1.642585	65.000000	19.592667	229.89903	0.00851709	0.0260737
1.639163	65.000000	19.637373	230.48994	0.00850882	0.0262248
1.635755	65.000000	19.703421	231.11853	0.00865278	0.0268071
1.632361	65.000000	19.757895	231.7489	0.00862497	0.0268832
1.628981	65.000000	19.830324	232.36328	0.0088672	0.0277747
1.625616	65.000000	19.874907	232.94836	0.00888017	0.027995
1.622264	65.000000	19.950541	233.5643	0.00878607	0.0278172
1.618927	65.000000	20.005991	234.14526	0.00880718	0.0280189
1.615603	65.000000	20.103426	234.66995	0.00894754	0.0285265
1.612294	65.000000	20.16691	235.18932	0.00856671	0.0274151
1.608998	65.000000	20.244013	235.74911	0.00870965	0.0279545
1.605715	65.000000	20.303339	236.30916	0.00861957	0.0277642
1.602446	65.000000	20.370436	236.93066	0.00888859	0.0287644
1.599191	65.000000	20.418968	237.4193	0.00916363	0.0297793
1.595949	65.000000	20.49337	238.01694	0.00884912	0.0288437
1.592720	65.000000	20.571768	238.50136	0.00911032	0.0297598
1.589505	65.000000	20.6499	238.9944	0.00910633	0.0297906
1.586303	65.000000	20.729477	239.52217	0.00919361	0.0301441
1.583113	65.000000	20.809706	240.02222	0.00916981	0.0301141
1.579937	65.000000	20.850739	240.54372	0.00894737	0.0295361
1.576774	65.000000	20.941595	241.01584	0.00908713	0.0300115
1.573623	65.000000	21.005255	241.48531	0.00943313	0.0312299
1.570485	65.000000	21.071192	242.06619	0.00972925	0.0323428
1.567360	65.000000	21.179502	242.51295	0.00934502	0.0310358
1.564248	65.000000	21.22191	242.91599	0.00953854	0.0317639
1.561148	65.000000	21.3172	243.41119	0.00972636	0.0323965
1.558060	65.000000	21.369083	243.93254	0.0099208	0.0331774
1.554985	65.000000	21.452251	244.35039	0.00977831	0.0327074
1.551922	65.000000	21.533466	244.77127	0.00972389	0.0325375
1.548872	65.000000	21.604189	245.26624	0.0100969	0.0338443
1.545833	65.000000	21.675573	245.67052	0.00999234	0.0335316
1.542807	65.000000	21.75038	246.1263	0.0101234	0.0339897
1.539793	65.000000	21.819218	246.59674	0.0103294	0.0347195
1.536790	65.000000	21.875277	246.97064	0.0101867	0.0342916
1.533800	65.000000	21.969149	247.46298	0.0101514	0.0341412
1.530821	65.000000	22.026411	247.87392	0.010623	0.0357602
1.527854	65.000000	22.135952	248.35373	0.0104664	0.0351758
1.524899	65.000000	22.186422	248.68205	0.0104286	0.0350819
1.521955	65.000000	22.283686	249.12062	0.0107611	0.0361412
1.519023	65.000000	22.337551	249.49484	0.010477	0.0351993
1.516103	65.000000	22.426151	249.84953	0.010848	0.0363864
1.513194	65.000000	22.541834	250.27757	0.0108703	0.0363616
1.510296	65.000000	22.600718	250.6911	0.0107569	0.0359802
1.507409	65.000000	22.669296	251.05836	0.0108536	0.0362951
1.504534	65.000000	22.734394	251.4388	0.0110465	0.0369317
1.501670	65.000000	22.836498	251.87418	0.0112659	0.0375614
1.498816	65.000000	22.892338	252.14822	0.011234	0.0374421
1.495974	65.000000	22.972652	252.52115	0.0111623	0.037164
1.493143	65.000000	23.056917	252.90865	0.0112438	0.0373958
1.490323	65.000000	23.130878	253.22655	0.0115885	0.038474
1.487514	65.000000	23.247236	253.54893	0.0118491	0.0391881
1.484715	65.000000	23.282696	253.9613	0.0115452	0.0382453
1.481927	65.000000	23.382877	254.25433	0.0117513	0.038812
1.479150	65.000000	23.466402	254.60574	0.0120587	0.0397602
1.476383	65.000000	23.53985	254.93372	0.0120634	0.0397386
1.473627	65.000000	23.616526	255.26543	0.0122476	0.0402805
1.470882	65.000000	23.718296	255.67932	0.0122633	0.0402431
1.468146	65.000000	23.786268	255.97646	0.0123273	0.0404071
1.465422	65.000000	23.886602	256.32394	0.0126346	0.0412922
1.462707	65.000000	23.961105	256.62183	0.0130582	0.0425988
1.460003	65.000000	24.050219	256.96875	0.0128596	0.041874
1.457309	65.000000	24.105162	257.26059	0.0129196	0.0420339
1.454625	65.000000	24.187365	257.51352	0.0133517	0.0433269
1.451951	65.000000	24.291965	257.87918	0.013303	0.043026
1.449287	65.000000	24.367928	258.1597	0.0133677	0.043136
1.446633	65.000000	24.45598	258.49582	0.0132009	0.0424799
1.443989	65.000000	24.52692	258.73773	0.0141311	0.0453775
1.441356	65.000000	24.592958	259.11105	0.0143901	0.0461594
1.438731	65.000000	24.684624	259.36682	0.0138592	0.0443027
1.436117	65.000000	24.761553	259.64114	0.0138323	0.0440994
1.433512	65.000000	24.8465	259.86694	0.0144082	0.045791
1.430917	65.000000	24.942747	260.19217	0.0149686	0.047393
1.428332	65.000000	25.057436	260.47644	0.0143801	0.0453186
1.425755	65.000000	25.097876	260.8063	0.0143211	0.0451016
1.423189	65.000000	25.177002	260.94067	0.0146695	0.0460512
1.420632	65.000000	25.27706	261.22971	0.0150009	0.0469002
1.418085	65.000000	25.35593	261.44785	0.0154964	0.048302
1.415546	65.000000	25.442148	261.83594	0.0155292	0.0482733
1.413017	65.000000	25.531757	262.09921	0.0154455	0.047844
1.410498	65.000000	25.625996	262.33072	0.0154719	0.047732
1.407987	65.000000	25.695589	262.57379	0.016292	0.0501577
1.405486	65.000000	25.814499	262.77832	0.0165749	0.0507649
1.402994	65.000000	25.870356	263.16083	0.0160534	0.0490997
1.400511	65.000000	25.943415	263.38812	0.0163207	0.0497875
1.398036	65.000000	26.051945	263.5892	0.0163816	0.0497377
1.395571	65.000000	26.150761	263.88519	0.0165296	0.0500094
1.393115	65.000000	26.222857	264.05157	0.0164134	0.0495283
1.390667	65.000000	26.318787	264.31354	0.0163082	0.0490359
1.388229	65.000000	26.401068	264.56366	0.0168825	0.0506088
1.385799	65.000000	26.492235	264.76099	0.0173482	0.0518211
1.383378	65.000000	26.568693	264.99445	0.0181044	0.0539325
1.380966	65.000000	26.693016	265.27264	0.0184442	0.0546789
1.378562	65.000000	26.783115	265.46674	0.0181081	0.0534912
1.376167	65.000000	26.813204	265.63913	0.0185055	0.0546362
1.373780	65.000000	26.956123	265.89252	0.0185001	0.0542985
1.371402	65.000000	27.059349	266.17737	0.0192534	0.056286
1.369032	65.000000	27.174623	266.26355	0.0193996	0.0564486
1.366671	65.000000	27.235157	266.49335	0.0192698	0.0559531
1.364318	65.000000	27.332565	266.69986	0.0198651	0.0574611
1.361974	65.000000	27.402182	267.03668	0.0198295	0.0572178
1.359638	65.000000	27.473724	267.16144	0.0202819	0.0583661
1.357310	65.000000	27.616587	267.39325	0.0203015	0.0580806
1.354990	65.000000	27.722275	267.57388	0.0206637	0.0588648
1.352679	65.000000	27.772528	267.75894	0.0205887	0.0585477
1.350375	65.000000	27.904331	268.00336	0.0208156	0.0588758
1.348080	65.000000	27.965311	268.12036	0.0209746	0.0591775
1.345793	65.000000	28.11739	268.33759	0.0220237	0.0617544
1.343513	65.000000	28.154875	268.54358	0.022792	0.0638165
1.341242	65.000000	28.235142	268.75662	0.0229962	0.0641914
1.338978	65.000000	28.353998	268.93277	0.0234903	0.0652472
1.336723	65.000000	28.474199	269.0856	0.0237097	0.0655376
1.334475	65.000000	28.543396	269.29507	0.0240133	0.0662052
1.332236	65.000000	28.677715	269.40134	0.0248924	0.0682361
1.330003	65.000000	28.755659	269.50644	0.0261766	0.0715578
1.327779	65.000000	28.848013	269.69122	0.0268772	0.0731939
1.325562	65.000000	28.985004	269.88379	0.0286756	0.0776669
1.323354	65.000000	29.07863	-89.965477	0.0314826	0.0849572
1.321152	65.000000	29.181686	-89.805527	0.033605	0.0903198
1.318958	65.000000	29.267307	-89.828789	0.0355684	0.0952927
1.316772	65.000000	29.342556	-89.659798	0.0376187	0.100501
1.314593	65.000000	29.502123	-89.320229	0.0382515	0.101566
1.312422	65.000000	29.588154	-89.302261	0.0390416	0.103327
1.310258	65.000000	29.669399	-89.131561	0.0397911	0.105015
1.308102	65.000000	29.733578	-88.780167	0.0379515	0.0999108
1.305953	65.000000	29.912844	-88.552216	0.0375113	0.0980773
1.303811	65.000000	30.019405	-88.530975	0.0362062	0.094309
1.301677	65.000000	30.071056	-88.235909	0.0360033	0.0936105
1.299549	65.000000	30.237698	-88.119598	0.0365783	0.0945209
1.297430	65.000000	30.324642	-88.085785	0.0367825	0.0947558
1.295317	65.000000	30.37886	-87.777046	0.0371324	0.0954655
1.293211	65.000000	30.597912	-87.74073	0.0382143	0.0975006
1.291113	65.000000	30.585682	-87.574669	0.0373779	0.095416
1.289021	65.000000	30.710745	-87.361984	0.0368817	0.0937192
1.286937	65.000000	30.888983	-87.194855	0.0381492	0.0963494
1.284859	65.000000	30.982294	-87.116814	0.0375335	0.0945
1.282789	65.000000	31.114372	-86.962242	0.0375157	0.0940242
1.280726	65.000000	31.184568	-86.934311	0.0364929	0.0912489
1.278669	65.000000	31.313515	-86.748779	0.0360747	0.089812
1.276620	65.000000	31.419361	-86.600334	0.0376117	0.0933062
1.274577	65.000000	31.489414	-86.277878	0.0389307	0.0963349
1.272541	65.000000	31.674822	-86.080612	0.0402332	0.0989391
1.270512	65.000000	31.751461	-86.23777	0.0423139	0.103839
1.268489	65.000000	31.887627	-85.96196	0.0428499	0.104652
1.266474	65.000000	32.018074	-85.87323	0.0420845	0.10237
1.264465	65.000000	32.144543	-85.708817	0.0415605	0.100679
1.262462	65.000000	32.191727	-85.685776	0.0438776	0.106137
1.260467	65.000000	32.383831	-85.453789	0.0449312	0.108009
1.258478	65.000000	32.427582	-85.249054	0.0439034	0.105366
1.256495	65.000000	32.524456	-85.344421	0.0448444	0.107335
1.254519	65.000000	32.608395	-85.034485	0.0470899	0.112383
1.252550	65.000000	32.817982	-85.16375	0.0496445	0.117762
1.250587	65.000000	32.870449	-84.884071	0.0500197	0.118448
1.248630	65.000000	33.020775	-84.772499	0.0487816	0.114969
1.246680	65.000000	33.065121	-84.690765	0.0496095	0.116764
1.244737	65.000000	33.214447	-84.573303	0.0525606	0.12315
1.242799	65.000000	33.352341	-84.175613	0.0532967	0.12432
1.240868	65.000000	33.487038	-84.363441	0.0542502	0.126102
5.030387	70.000000	12.904021	-4.7423387	0.0497346	0.137986
4.998222	70.000000	13.705848	-7.9941587	0.0494404	0.130346
4.966466	70.000000	14.622604	-10.853626	0.0490008	0.122797
4.935110	70.000000	15.746828	-13.068604	0.0490468	0.115855
4.904146	70.000000	16.879066	-14.891849	0.0493715	0.110319
4.873568	70.000000	18.171396	-15.565828	0.0506607	0.10584
4.843369	70.000000	19.475534	-15.756223	0.0522382	0.102291
4.813541	70.000000	20.801527	-15.321416	0.0534705	0.0977769
4.784078	70.000000	22.232529	-14.560637	0.0554025	0.094363
4.754972	70.000000	23.650801	-13.298152	0.0576103	0.0917716
4.726219	70.000000	25.104284	-11.555058	0.0600422	0.089222
4.697810	70.000000	26.485931	-9.4378023	0.0603997	0.0843923
4.669741	70.000000	27.720064	-6.9011078	0.0645198	0.0855581
4.642004	70.000000	28.84535	-4.2180281	0.0634114	0.0801773
4.614595	70.000000	30.011457	-1.1081364	0.0656729	0.0801546
4.587507	70.000000	30.910707	2.3264475	0.0673409	0.0805875
4.560735	70.000000	31.678642	5.7641153	0.0680835	0.0807638
4.534273	70.000000	32.31461	9.5178385	0.069417	0.0831669
4.508116	70.000000	32.648148	13.255988	0.0680798	0.0837117
4.482259	70.000000	32.897442	16.86058	0.0709182	0.0898478
4.456696	70.000000	32.85944	20.495569	0.0707861	0.0933691
4.431423	70.000000	32.80027	24.111034	0.0683891	0.0945441
4.406435	70.000000	32.379364	27.069464	0.0696646	0.101077
4.381727	70.000000	32.013184	30.285406	0.0698689	0.10636
4.357294	70.000000	31.564152	33.157841	0.068874	0.109815
4.333132	70.000000	31.030804	35.926266	0.0676864	0.113294
4.309236	70.000000	30.478296	38.481194	0.0671575	0.11776
4.285602	70.000000	29.73473	41.090961	0.0661711	0.122293
4.262225	70.000000	29.101393	43.019753	0.0650251	0.125209
4.239102	70.000000	28.264462	45.190884	0.0661759	0.13394
4.216228	70.000000	27.525969	46.877441	0.0657629	0.138758
4.193600	70.000000	26.741581	48.72044	0.0642409	0.142261
4.171213	70.000000	26.162724	50.387489	0.0659778	0.152447
4.149064	70.000000	25.377222	51.800083	0.0636801	0.15353
4.127149	70.000000	24.78651	53.224422	0.0642931	0.161165
4.105463	70.000000	24.23736	54.554485	0.0632807	0.164636
4.084005	70.000000	23.43965	55.959003	0.0637327	0.174241
4.062769	70.000000	22.84881	57.126354	0.0634241	0.180051
4.041753	70.000000	22.290201	58.418118	0.0647545	0.190939
4.020953	70.000000	21.559727	59.660492	0.0633875	0.195817
4.000366	70.000000	20.889372	60.975021	0.0644234	0.208281
3.979989	70.000000	20.25029	62.3158	0.0643027	0.217946
3.959818	70.000000	19.664856	64.066246	0.0643017	0.228029
3.939851	70.000000	19.067011	64.922264	0.0637635	0.234995
3.920083	70.000000	18.432129	66.156364	0.0634381	0.244913
3.900514	70.000000	17.746639	67.289627	0.0629715	0.255907
3.881138	70.000000	17.164867	68.514137	0.0644828	0.272251
3.861954	70.000000	16.463099	69.951363	0.0615669	0.274337
3.842959	70.000000	15.890215	71.569595	0.0614632	0.288559
3.824150	70.000000	15.181352	72.304451	0.0628753	0.31012
3.805523	70.000000	14.709024	73.762352	0.0639354	0.325839
3.787078	70.000000	14.055935	75.120041	0.0634106	0.341656
3.768810	70.000000	13.473969	76.835808	0.0657035	0.37325
3.750718	70.000000	12.841456	78.089256	0.0667765	0.397417
3.732799	70.000000	12.153193	79.067848	0.0668061	0.418244
3.715050	70.000000	11.467077	80.867821	0.0669472	0.449292
3.697469	70.000000	11.00218	81.094978	0.0681291	0.476259
3.680054	70.000000	10.423923	82.426796	0.0680622	0.497726
3.662802	70.000000	9.7880268	83.904076	0.0691116	0.534088
3.645711	70.000000	9.3948603	84.133209	0.0668565	0.539105
3.628778	70.000000	8.9699087	86.300537	0.06908	0.584347
3.612003	70.000000	8.5793161	87.458778	0.068076	0.593179
3.595382	70.000000	8.4184494	89.145309	0.0706733	0.616492
3.578913	70.000000	8.0617733	91.982338	0.0693751	0.628579
3.562594	70.000000	8.0946093	93.760857	0.072496	0.654895
3.546424	70.000000	8.1160641	99.463837	0.0715691	0.630075
3.530400	70.000000	8.2291374	102.61358	0.071883	0.60495
3.514520	70.000000	8.462985	108.94344	0.0714387	0.56634
3.498782	70.000000	8.8849621	116.48112	0.0721539	0.525033
3.483185	70.000000	9.4533348	125.548	0.0720452	0.467663
3.467726	70.000000	10.29088	135.69048	0.0715453	0.401299
3.452404	70.000000	11.519567	145.95695	0.0710472	0.340167
3.437217	70.000000	12.950818	156.18677	0.0706895	0.292525
3.422163	70.000000	14.720972	166.69165	0.0689062	0.244999
3.407240	70.000000	16.549191	176.32286	0.0637801	0.201711
3.392447	70.000000	18.228382	186.58463	0.0605725	0.179886
3.377782	70.000000	19.958817	196.8029	0.0587008	0.166467
3.363244	70.000000	21.373108	205.76166	0.0590106	0.161979
3.348830	70.000000	22.474079	213.83049	0.0664061	0.178051
3.334539	70.000000	23.239594	220.99359	0.0864711	0.229625
3.320370	70.000000	24.05271	227.98918	0.132528	0.3512
3.306321	70.000000	25.172329	235.81438	0.164453	0.428212
3.292390	70.000000	26.162546	240.76245	0.125167	0.317514
3.278576	70.000000	26.754961	246.03079	0.0752935	0.188596
3.264878	70.000000	27.498594	249.47952	0.0572002	0.14085
3.251294	70.000000	28.006134	252.61256	0.0497844	0.121384
3.237823	70.000000	28.679741	256.03693	0.04528	0.108435
3.224463	70.000000	29.403341	259.04645	0.0441539	0.103658
3.211213	70.000000	30.079496	262.10486	0.0431528	0.0996688
3.198071	70.000000	30.789854	264.25146	0.0416511	0.0949375
3.185037	70.000000	31.472532	266.49197	0.0407127	0.0917269
3.172108	70.000000	32.161804	268.23181	0.0403477	0.0897031
3.159285	70.000000	32.906761	269.8374	0.0390169	0.0854409
3.146564	70.000000	33.597153	-88.559845	0.0382381	0.0826455
3.133946	70.000000	34.387241	-87.34211	0.037249	0.0795413
3.121429	70.000000	35.16357	-86.136734	0.0370626	0.0784424
3.109011	70.000000	36.067307	-85.095818	0.036993	0.0775733
3.096693	70.000000	36.858837	-84.186325	0.0371089	0.0771899
3.084471	70.000000	37.792168	-83.373375	0.0374462	0.0771841
3.072346	70.000000	38.759548	-82.805199	0.0372508	0.0761697
3.060316	70.000000	39.803257	-82.355789	0.0362188	0.0735712
3.048379	70.000000	40.908878	-81.872665	0.0368634	0.0744947
3.036536	70.000000	42.039387	-81.388962	0.0374821	0.0754432
3.024785	70.000000	43.351948	-81.156464	0.0366605	0.07355
3.013124	70.000000	44.631302	-80.682411	0.0371789	0.0744902
3.001553	70.000000	46.017586	-80.732857	0.0374635	0.075133
2.990070	70.000000	47.548687	-80.537674	0.0375085	0.0754592
2.978676	70.000000	49.14006	-80.52861	0.0394207	0.0797428
2.967368	70.000000	50.889931	-80.600006	0.0398296	0.081256
2.956146	70.000000	52.758778	-80.591309	0.0403998	0.0835055
2.945008	70.000000	54.859596	-80.738228	0.0409917	0.0864413
2.933954	70.000000	56.91684	-80.75843	0.0402168	0.0869662
2.922983	70.000000	59.180599	-81.114799	0.0416923	0.0930331
2.912094	70.000000	61.657173	-81.276306	0.0430057	0.0998905
2.901286	70.000000	64.144585	-81.172684	0.0433005	0.105586
2.890558	70.000000	66.919586	-81.371574	0.0457047	0.119669
2.879909	70.000000	69.740738	-81.227196	0.0465472	0.134391
2.869339	70.000000	72.636795	-81.294296	0.0469041	0.154232
2.858846	70.000000	75.845924	-80.793953	0.0484666	0.191204
2.848429	70.000000	79.019066	-79.660439	0.0476609	0.237392
2.838089	70.000000	82.129593	-76.975693	0.0494564	0.336148
2.827823	70.000000	85.402672	-68.862579	0.0488392	0.564802
2.817631	70.000000	88.161255	-31.879292	0.0434021	1.43085
2.807513	70.000000	87.215508	57.293236	0.0458799	0.896774
2.797468	70.000000	84.356514	75.090431	0.0441884	0.409534
2.787494	70.000000	81.30101	79.919647	0.0420165	0.257962
2.777592	70.000000	78.246063	82.033371	0.0414324	0.193208
2.767759	70.000000	75.406784	82.913765	0.0408792	0.157536
2.757996	70.000000	72.540848	83.31694	0.0395937	0.130414
2.748302	70.000000	69.92852	83.312302	0.0374979	0.109645
2.738676	70.000000	67.369522	83.51741	0.0358935	0.0954566
2.729118	70.000000	64.946976	83.501762	0.034636	0.085907
2.719626	70.000000	62.61787	83.169624	0.0329789	0.0777058
2.710199	70.000000	60.460789	82.960632	0.0311341	0.0707077
2.700839	70.000000	58.533611	82.833588	0.0292985	0.0647221
2.691543	70.000000	56.73312	82.568817	0.0288992	0.0623847
2.682310	70.000000	55.019897	82.298767	0.0271005	0.057302
2.673142	70.000000	53.374065	82.029785	0.0258679	0.0537625
2.664035	70.000000	51.886086	81.817589	0.0251356	0.0515903
2.654991	70.000000	50.520267	81.586479	0.024212	0.0492618
2.646008	70.000000	49.162983	81.465759	0.0232137	0.0469301
2.637086	70.000000	47.937183	81.329041	0.0235585	0.0474278
2.628224	70.000000	46.71534	81.192329	0.022287	0.044727
2.619422	70.000000	45.66684	80.974365	0.021611	0.0432964
2.610678	70.000000	44.633812	80.959686	0.0211484	0.0423459
2.601993	70.000000	43.633297	80.858208	0.0208173	0.0417186
2.593365	70.000000	42.762043	80.735115	0.0198888	0.0399283
2.584795	70.000000	41.886265	80.728699	0.0192421	0.0387445
2.576281	70.000000	41.091408	80.752289	0.0186643	0.0376982
2.567824	70.000000	40.322773	80.793182	0.0181004	0.036687
2.559422	70.000000	39.612232	80.836586	0.0168456	0.0342748
2.551075	70.000000	38.97121	80.919647	0.0161605	0.0330166
2.542782	70.000000	38.390102	81.054703	0.0157444	0.0323087
2.534544	70.000000	37.750301	81.12928	0.0165017	0.034063
2.526358	70.000000	37.088337	81.29525	0.0163628	0.0340075
2.518226	70.000000	36.497276	81.437309	0.0165286	0.0345786
2.510146	70.000000	35.943172	81.654251	0.0160515	0.0337849
2.502118	70.000000	35.427399	81.861992	0.0156859	0.0332002
2.494141	70.000000	34.906982	82.069817	0.0153404	0.0326478
2.486215	70.000000	34.441402	82.304413	0.0149828	0.0320462
2.478339	70.000000	33.936676	82.610298	0.0146558	0.0315494
2.470513	70.000000	33.526306	82.858604	0.014436	0.031275
2.462737	70.000000	33.114941	83.21772	0.0141622	0.0309264
2.455010	70.000000	32.695511	83.572891	0.0140425	0.0309458
2.447331	70.000000	32.273289	83.913391	0.0143026	0.0318316
2.439700	70.000000	31.82625	84.241241	0.0138188	0.0310794
2.432117	70.000000	31.432943	84.656578	0.0137669	0.0312405
2.424581	70.000000	31.055986	85.060089	0.0135469	0.0309749
2.417092	70.000000	30.653326	85.53437	0.0132649	0.0305515
2.409649	70.000000	30.270454	85.927185	0.0130716	0.0302991
2.402252	70.000000	29.891727	86.385674	0.0130345	0.0304047
2.394900	70.000000	29.549723	86.921036	0.0126808	0.0297645
2.387594	70.000000	29.231445	87.399002	0.0126639	0.0299591
2.380332	70.000000	28.887051	87.88472	0.0124183	0.0296948
2.373114	70.000000	28.579018	88.416885	0.012195	0.0294901
2.365940	70.000000	28.253912	88.897797	0.0120535	0.0295196
2.358809	70.000000	27.888834	89.516014	0.0120965	0.0300475
2.351722	70.000000	27.533373	90.057831	0.0119582	0.0300993
2.344677	70.000000	27.208002	90.645905	0.0119904	0.0305148
2.337674	70.000000	26.868362	91.244591	0.0117539	0.0302033
2.330713	70.000000	26.549532	91.836281	0.0116964	0.0302967
2.323794	70.000000	26.237177	92.460556	0.0113813	0.0296922
2.316916	70.000000	25.900223	93.092964	0.0110184	0.0289787
2.310078	70.000000	25.620813	93.744858	0.0110449	0.0292599
2.303281	70.000000	25.320116	94.405861	0.0109786	0.0293721
2.296525	70.000000	25.022619	95.075233	0.0106399	0.0288116
2.289807	70.000000	24.734854	95.722504	0.0105456	0.0289445
2.283129	70.000000	24.405382	96.49778	0.0104941	0.0292865
2.276490	70.000000	24.135632	97.163338	0.0104049	0.0294641
2.269890	70.000000	23.84725	97.825752	0.0105126	0.0302008
2.263328	70.000000	23.518717	98.556831	0.0110196	0.0321466
2.256804	70.000000	23.203466	99.339355	0.0120563	0.0356351
2.250318	70.000000	22.835573	100.11893	0.0140219	0.0419922
2.243869	70.000000	22.44195	101.15023	0.0161754	0.0490664
2.237457	70.000000	22.158272	101.94621	0.0150372	0.0460245
2.231082	70.000000	21.918802	102.69025	0.0127381	0.0392677
2.224743	70.000000	21.716164	103.40306	0.0109079	0.0338511
2.218440	70.000000	21.481249	104.12189	0.0102955	0.0322429
2.212174	70.000000	21.217751	104.88803	0.00995824	0.0315638
2.205942	70.000000	20.960085	105.6702	0.00985958	0.0316697
2.199746	70.000000	20.692331	106.52132	0.00979356	0.031919
2.193584	70.000000	20.395109	107.40546	0.00968861	0.0321081
2.187457	70.000000	20.121691	108.40631	0.00975905	0.0328127
2.181365	70.000000	19.834713	109.373	0.00945713	0.0322781
2.175306	70.000000	19.538216	110.28249	0.00925861	0.032054
2.169282	70.000000	19.27351	111.24494	0.00910123	0.0318517
2.163290	70.000000	19.002834	112.19786	0.00877737	0.0310375
2.157332	70.000000	18.732676	113.18937	0.00884597	0.0315696
2.151407	70.000000	18.433342	114.22585	0.00866489	0.0312382
2.145514	70.000000	18.184793	115.19023	0.00851821	0.0309422
2.139654	70.000000	17.927555	116.217	0.00832873	0.0304886
2.133825	70.000000	17.683531	117.26287	0.0082482	0.0304548
2.128029	70.000000	17.437874	118.27985	0.00820362	0.0305819
2.122264	70.000000	17.1875	119.39041	0.0084007	0.0316247
2.116531	70.000000	16.945808	120.49149	0.0084063	0.031965
2.110828	70.000000	16.701885	121.50991	0.00863294	0.0331748
2.105157	70.000000	16.473814	122.68896	0.00854223	0.0330983
2.099515	70.000000	16.220955	123.85487	0.00833798	0.0326002
2.093904	70.000000	15.970752	125.00822	0.00837392	0.0330108
2.088324	70.000000	15.719725	126.29856	0.00858747	0.0340736
2.082773	70.000000	15.499639	127.53796	0.0081212	0.0323603
2.077252	70.000000	15.247888	128.76604	0.00835378	0.0334735
2.071760	70.000000	15.021293	130.12115	0.00834127	0.0335534
2.066297	70.000000	14.797058	131.47488	0.00837534	0.0338205
2.060863	70.000000	14.573782	132.69888	0.0080935	0.0328072
2.055458	70.000000	14.37721	134.06287	0.00808657	0.032827
2.050081	70.000000	14.175283	135.44482	0.00834216	0.0338957
2.044732	70.000000	13.982415	136.82062	0.00828739	0.0337232
2.039412	70.000000	13.773894	138.19647	0.00834488	0.0340264
2.034119	70.000000	13.583777	139.62859	0.00826751	0.0336471
2.028854	70.000000	13.392326	141.10619	0.008188	0.0332551
2.023616	70.000000	13.214976	142.60587	0.0084573	0.0342239
2.018405	70.000000	13.032302	144.17404	0.00842025	0.0339065
2.013221	70.000000	12.868963	145.76936	0.00843286	0.0336882
2.008064	70.000000	12.680809	147.29948	0.00848739	0.0336919
2.002933	70.000000	12.527428	148.93777	0.00855211	0.0336484
1.997829	70.000000	12.363582	150.62737	0.00868138	0.0338898
1.992751	70.000000	12.212876	152.28513	0.00862561	0.0334493
1.987698	70.000000	12.082829	153.87666	0.00869882	0.0334782
1.982672	70.000000	11.939413	155.69348	0.00874817	0.0334799
1.977671	70.000000	11.791252	157.332	0.00885293	0.0337926
1.972695	70.000000	11.676423	159.14064	0.00883292	0.0335414
1.967744	70.000000	11.564631	160.92157	0.00892081	0.0337454
1.962819	70.000000	11.454847	162.61769	0.00892851	0.0336835
1.957918	70.000000	11.362521	164.46127	0.00893147	0.0335404
1.953041	70.000000	11.260841	166.33205	0.00914019	0.0341147
1.948190	70.000000	11.176092	168.11369	0.00909211	0.0337145
1.943362	70.000000	11.121933	169.94617	0.00915017	0.033561
1.938558	70.000000	11.029832	171.79805	0.00899135	0.0327385
1.933778	70.000000	10.96562	173.69411	0.0089982	0.0324194
1.929022	70.000000	10.933716	175.60207	0.00922766	0.0328098
1.924289	70.000000	10.8637	177.48219	0.00928507	0.0327969
1.919580	70.000000	10.836152	179.31302	0.00955922	0.0334272
1.914894	70.000000	10.790245	181.17152	0.00945116	0.0329173
1.910231	70.000000	10.77457	183.0585	0.00924596	0.0320723
1.905590	70.000000	10.759905	184.905	0.00937027	0.0325226
1.900973	70.000000	10.751608	186.83592	0.0091591	0.0319312
1.896377	70.000000	10.735222	189.07024	0.00856363	0.0301109
1.891804	70.000000	10.761105	190.90884	0.00754918	0.0266808
1.887253	70.000000	10.763205	192.09517	0.00727619	0.0258864
1.882725	70.000000	10.77969	193.65477	0.00782673	0.0282239
1.878218	70.000000	10.784588	195.65459	0.00843031	0.0310553
1.873733	70.000000	10.83547	197.66011	0.00882218	0.033023
1.869269	70.000000	10.871157	199.40784	0.00857935	0.0325502
1.864827	70.000000	10.922414	201.16002	0.00859411	0.033028
1.860405	70.000000	10.971392	202.85646	0.00845707	0.0329175
1.856006	70.000000	11.025694	204.57724	0.00826497	0.0325579
1.851626	70.000000	11.078023	206.31412	0.00816172	0.0325764
1.847268	70.000000	11.142545	207.89922	0.00790507	0.0318974
1.842930	70.000000	11.214213	209.54088	0.00789403	0.0322016
1.838613	70.000000	11.289801	211.10649	0.00801354	0.0330395
1.834316	70.000000	11.374202	212.69881	0.00788481	0.0328717
1.830040	70.000000	11.456349	214.1857	0.00765117	0.0322746
1.825783	70.000000	11.553898	215.6757	0.00774283	0.0330369
1.821546	70.000000	11.648701	217.17975	0.00746403	0.032259
1.817329	70.000000	11.733712	218.61836	0.0073943	0.0324123
1.813132	70.000000	11.852962	219.93521	0.00735197	0.032522
1.808954	70.000000	11.963166	221.33447	0.00726219	0.0325206
1.804796	70.000000	12.05795	222.73764	0.00728619	0.033073
1.800657	70.000000	12.168754	224.06601	0.00720119	0.033051
1.796537	70.000000	12.276501	225.37582	0.00698193	0.0324364
1.792436	70.000000	12.389375	226.64862	0.00700333	0.0328615
1.788354	70.000000	12.527795	227.92233	0.00718601	0.0339391
1.784290	70.000000	12.638937	229.09717	0.0069281	0.0330179
1.780245	70.000000	12.756901	230.27109	0.00684618	0.0328874
1.776219	70.000000	12.898693	231.39294	0.00684828	0.0330727
1.772211	70.000000	13.019197	232.57587	0.00676827	0.0329083
1.768221	70.000000	13.148647	233.74161	0.00684419	0.0334918
1.764249	70.000000	13.278766	234.80804	0.00668534	0.0329006
1.760295	70.000000	13.419922	235.88419	0.00683444	0.0337775
1.756359	70.000000	13.549434	236.91483	0.00683444	0.0339417
1.752441	70.000000	13.691574	237.96483	0.00663476	0.0330904
1.748540	70.000000	13.831964	238.97153	0.00682965	0.034201
1.744657	70.000000	13.969894	239.94125	0.00664797	0.0334043
1.740791	70.000000	14.101126	240.88144	0.00665448	0.0335699
1.736943	70.000000	14.243296	241.84621	0.00675139	0.0341385
1.733111	70.000000	14.386415	242.7628	0.0066616	0.0337445
1.729297	70.000000	14.520887	243.6176	0.0066427	0.0337109
1.725500	70.000000	14.650031	244.54633	0.00677622	0.0344789
1.721719	70.000000	14.801023	245.37474	0.00677024	0.0344384
1.717955	70.000000	14.93634	246.21201	0.00693423	0.0352537
1.714208	70.000000	15.090418	247.00031	0.00693717	0.0351706
1.710477	70.000000	15.225799	247.91161	0.00683475	0.034647
1.706762	70.000000	15.379016	248.58241	0.00686949	0.0346808
1.703064	70.000000	15.499201	249.39258	0.00686395	0.0346235
1.699382	70.000000	15.646078	250.11095	0.00749203	0.0376172
1.695716	70.000000	15.792038	250.81244	0.00867453	0.0433516
1.692066	70.000000	15.921172	251.74786	0.010124	0.0505861
1.688432	70.000000	16.121227	252.53189	0.00986903	0.0489069
1.684814	70.000000	16.228251	253.10397	0.00808296	0.0399464
1.681211	70.000000	16.340111	253.60983	0.00715097	0.0351946
1.677624	70.000000	16.464815	254.0834	0.00712154	0.0349005
1.674052	70.000000	16.61397	254.88063	0.00719988	0.0351278
1.670495	70.000000	16.759619	255.5043	0.00716693	0.0348196
1.666954	70.000000	16.905741	256.15259	0.00720724	0.0348665
1.663428	70.000000	17.052601	256.81223	0.00723259	0.0348363
1.659917	70.000000	17.191046	257.41046	0.00744905	0.0357365
1.656421	70.000000	17.33135	258.03452	0.00728323	0.0348023
1.652940	70.000000	17.462984	258.66003	0.00739012	0.0351818
1.649474	70.000000	17.627758	259.23419	0.00749772	0.0354482
1.646022	70.000000	17.743441	259.80728	0.00754944	0.0355822
1.642585	70.000000	17.902872	260.35022	0.00765226	0.0358135
1.639163	70.000000	18.014597	260.8826	0.00757728	0.0353444
1.635755	70.000000	18.157625	261.39075	0.00771979	0.0357662
1.632361	70.000000	18.304876	261.98413	0.00747291	0.0343855
1.628981	70.000000	18.444538	262.52274	0.00777645	0.0355308
1.625616	70.000000	18.582157	263.03156	0.00793605	0.0360126
1.622264	70.000000	18.720222	263.50943	0.00792498	0.0356807
1.618927	70.000000	18.857267	264.07672	0.0080698	0.0360603
1.615603	70.000000	18.999315	264.48212	0.00781402	0.034612
1.612294	70.000000	19.138287	264.98511	0.00797816	0.0350555
1.608998	70.000000	19.266575	265.44043	0.00793311	0.0345892
1.605715	70.000000	19.395559	265.91882	0.00792502	0.034285
1.602446	70.000000	19.541996	266.37726	0.00823668	0.0353147
1.599191	70.000000	19.663179	266.82465	0.00812109	0.0345799
1.595949	70.000000	19.805838	267.28934	0.00824408	0.0347944
1.592720	70.000000	19.937243	267.73428	0.00829136	0.0347255
1.589505	70.000000	20.069851	268.13861	0.00848502	0.0352645
1.586303	70.000000	20.214016	268.55789	0.00852531	0.0351345
1.583113	70.000000	20.353178	268.94962	0.0083344	0.0340741
1.579937	70.000000	20.463543	269.44818	0.00841241	0.0341991
1.576774	70.000000	20.599108	269.772	0.0084908	0.0342517
1.573623	70.000000	20.724184	-89.813377	0.00900102	0.036072
1.570485	70.000000	20.869801	-89.384529	0.00911107	0.0362171
1.567360	70.000000	20.996208	-89.053757	0.00887533	0.0350366
1.564248	70.000000	21.101179	-88.669624	0.00865451	0.0339911
1.561148	70.000000	21.249434	-88.268684	0.0091145	0.0354934
1.558060	70.000000	21.366737	-87.893768	0.00941975	0.0364623
1.554985	70.000000	21.505781	-87.524269	0.00936905	0.0359808
1.551922	70.000000	21.623579	-87.21637	0.00927456	0.0353858
1.548872	70.000000	21.747778	-86.823303	0.00954741	0.0361678
1.545833	70.000000	21.877043	-86.470734	0.00954033	0.035867
1.542807	70.000000	21.996767	-86.184311	0.00963858	0.0359896
1.539793	70.000000	22.112158	-85.834549	0.0101073	0.0374767
1.536790	70.000000	22.21339	-85.463623	0.00973785	0.0358917
1.533800	70.000000	22.358948	-85.142181	0.00970458	0.0354482
1.530821	70.000000	22.467371	-84.825104	0.0100222	0.0363627
1.527854	70.000000	22.614965	-84.533363	0.0101085	0.0363422
1.524899	70.000000	22.723467	-84.150864	0.00997621	0.0356182
1.521955	70.000000	22.849945	-83.861961	0.0103572	0.0366887
1.519023	70.000000	22.941105	-83.585266	0.00989386	0.0348435
1.516103	70.000000	23.092644	-83.300789	0.0105233	0.0367194
1.513194	70.000000	23.232813	-82.995636	0.0106676	0.0368948
1.510296	70.000000	23.333128	-82.717606	0.0103054	0.0354177
1.507409	70.000000	23.45192	-82.528885	0.0104889	0.0357961
1.504534	70.000000	23.542286	-82.060181	0.0104093	0.0353113
1.501670	70.000000	23.683743	-81.968513	0.0105643	0.0355591
1.498816	70.000000	23.792486	-81.61644	0.0106477	0.0355973
1.495974	70.000000	23.908112	-81.272385	0.0109809	0.0364516
1.493143	70.000000	24.01531	-81.042244	0.0113007	0.0372829
1.490323	70.000000	24.158564	-80.795052	0.0111308	0.0364323
1.487514	70.000000	24.271883	-80.598358	0.0110446	0.0359318
1.484715	70.000000	24.356762	-80.305664	0.0112786	0.0365073
1.481927	70.000000	24.473934	-79.995354	0.0113631	0.0365317
1.479150	70.000000	24.606731	-79.761536	0.0117406	0.0374789
1.476383	70.000000	24.726521	-79.51931	0.0120889	0.0383423
1.473627	70.000000	24.834206	-79.322266	0.0117779	0.0371464
1.470882	70.000000	24.960663	-79.060944	0.0122193	0.0382715
1.468146	70.000000	25.063446	-78.813187	0.0122524	0.0381578
1.465422	70.000000	25.177027	-78.610405	0.0122911	0.0380462
1.462707	70.000000	25.293804	-78.414749	0.0126349	0.0388789
1.460003	70.000000	25.412066	-78.094299	0.0128083	0.0391471
1.457309	70.000000	25.503414	-77.910484	0.012772	0.0388411
1.454625	70.000000	25.611738	-77.645653	0.0126572	0.038264
1.451951	70.000000	25.74884	-77.416435	0.0130996	0.0393206
1.449287	70.000000	25.851263	-77.266945	0.0132878	0.039684
1.446633	70.000000	25.964005	-77.051941	0.0130943	0.0388592
1.443989	70.000000	26.064177	-76.769386	0.0137295	0.0404968
1.441356	70.000000	26.168854	-76.634171	0.0136622	0.0400799
1.438731	70.000000	26.296249	-76.390533	0.0137715	0.0401221
1.436117	70.000000	26.397844	-76.231194	0.0137549	0.0398615
1.433512	70.000000	26.520483	-75.971588	0.0142012	0.0408765
1.430917	70.000000	26.620052	-75.734985	0.0140293	0.0401729
1.428332	70.000000	26.762688	-75.57943	0.014154	0.0402368
1.425755	70.000000	26.850723	-75.440643	0.0143404	0.0405806
1.423189	70.000000	26.951662	-75.269821	0.0145074	0.0408244
1.420632	70.000000	27.038675	-75.121399	0.0146997	0.0411882
1.418085	70.000000	27.1852	-74.826637	0.0153338	0.0426228
1.415546	70.000000	27.275206	-74.788322	0.0151044	0.041825
1.413017	70.000000	27.418991	-74.551231	0.0150312	0.0413134
1.410498	70.000000	27.500961	-74.400497	0.0148385	0.0406255
1.407987	70.000000	27.613111	-74.036888	0.0156115	0.0424448
1.405486	70.000000	27.729591	-73.887489	0.015734	0.0425478
1.402994	70.000000	27.834269	-73.785172	0.0155917	0.0419717
1.400511	70.000000	27.941404	-73.637589	0.0161924	0.0433667
1.398036	70.000000	28.080589	-73.463852	0.0163766	0.0435941
1.395571	70.000000	28.179581	-73.283936	0.0158339	0.041941
1.393115	70.000000	28.270279	-73.103966	0.016194	0.0427003
1.390667	70.000000	28.360685	-72.9627	0.0156261	0.0410195
1.388229	70.000000	28.479031	-72.863121	0.0165866	0.0433242
1.385799	70.000000	28.590012	-72.652786	0.0168719	0.0438326
1.383378	70.000000	28.702225	-72.501961	0.0174591	0.0451298
1.380966	70.000000	28.829123	-72.36171	0.0177188	0.045544
1.378562	70.000000	28.903408	-72.181282	0.0175618	0.0449783
1.376167	70.000000	29.008753	-72.049911	0.0180338	0.0459774
1.373780	70.000000	29.169786	-71.831352	0.0186061	0.0470947
1.371402	70.000000	29.289768	-71.760986	0.0184668	0.046538
1.369032	70.000000	29.362583	-71.661804	0.0188121	0.0472519
1.366671	70.000000	29.487194	-71.525749	0.0193399	0.0483138
1.364318	70.000000	29.580751	-71.403503	0.0189723	0.0472221
1.361974	70.000000	29.725735	-71.180748	0.0199429	0.049321
1.359638	70.000000	29.811897	-70.99781	0.0198176	0.048807
1.357310	70.000000	29.960972	-70.944237	0.0201034	0.0492251
1.354990	70.000000	30.037823	-70.794296	0.0203587	0.0496811
1.352679	70.000000	30.158081	-70.672523	0.0202642	0.0492083
1.350375	70.000000	30.295336	-70.54258	0.0208089	0.0502455
1.348080	70.000000	30.38283	-70.405716	0.0209119	0.0503104
1.345793	70.000000	30.475435	-70.246269	0.0215307	0.0515844
1.343513	70.000000	30.618099	-70.097565	0.0225744	0.0537912
1.341242	70.000000	30.699244	-69.986	0.0227426	0.0539956
1.338978	70.000000	30.802183	-69.857124	0.0224881	0.0531863
1.336723	70.000000	30.940363	-69.679642	0.0229127	0.0538731
1.334475	70.000000	31.006941	-69.612175	0.0233506	0.0547425
1.332236	70.000000	31.152592	-69.594185	0.0240477	0.0561472
1.330003	70.000000	31.212006	-69.343521	0.0254693	0.0592367
1.327779	70.000000	31.365812	-69.288712	0.0264398	0.0611953
1.325562	70.000000	31.474535	-69.102722	0.0282366	0.065049
1.323354	70.000000	31.610691	-69.070396	0.0297151	0.0681735
1.321152	70.000000	31.699703	-69.009659	0.032152	0.073563
1.318958	70.000000	31.850229	-68.8675	0.0336716	0.0765803
1.316772	70.000000	31.894384	-68.810371	0.035309	0.0801753
1.314593	70.000000	32.106327	-68.609261	0.0368553	0.0830849
1.312422	70.000000	32.25647	-68.579529	0.0375849	0.0843227
1.310258	70.000000	32.221508	-68.482063	0.0373163	0.0837892
1.308102	70.000000	32.39933	-68.29686	0.0364771	0.0813738
1.305953	70.000000	32.557682	-68.06691	0.0357334	0.0792317
1.303811	70.000000	32.647675	-68.126648	0.0352649	0.077995
1.301677	70.000000	32.73457	-67.796623	0.0350631	0.0771624
1.299549	70.000000	32.943329	-67.919762	0.0352275	0.0772188
1.297430	70.000000	33.025799	-67.754669	0.035352	0.0772267
1.295317	70.000000	33.103199	-67.803627	0.0366417	0.0798845
1.293211	70.000000	33.281624	-67.478966	0.0371799	0.0805202
1.291113	70.000000	33.361832	-67.470528	0.0358628	0.0774813
1.289021	70.000000	33.485878	-67.362625	0.0347166	0.0747269
1.286937	70.000000	33.574451	-67.336731	0.036215	0.0777517
1.284859	70.000000	33.796291	-67.066505	0.0361235	0.0770502
1.282789	70.000000	33.859283	-66.988495	0.0353975	0.0752672
1.280726	70.000000	34.021362	-66.9636	0.0356432	0.0754837
1.278669	70.000000	34.035397	-66.992088	0.035138	0.0744472
1.276620	70.000000	34.177814	-66.72818	0.0361863	0.0762065
1.274577	70.000000	34.348785	-66.701332	0.0375703	0.0788133
1.272541	70.000000	34.481083	-66.699318	0.0391402	0.0818811
1.270512	70.000000	34.557804	-66.588982	0.0405487	0.0845813
1.268489	70.000000	34.805508	-66.474724	0.0403069	0.0835442
1.266474	70.000000	34.906944	-66.460045	0.0408439	0.0844883
1.264465	70.000000	35.062965	-66.223877	0.0412874	0.0850271
1.262462	70.000000	35.134964	-66.147202	0.0413427	0.0848447
1.260467	70.000000	35.290031	-66.119438	0.0428745	0.0876738
1.258478	70.000000	35.414143	-66.056633	0.0434196	0.0884708
1.256495	70.000000	35.460472	-65.764061	0.0430777	0.0875366
1.254519	70.000000	35.600002	-65.787216	0.0454939	0.0922078
1.252550	70.000000	35.671608	-65.697784	0.045823	0.0927105
1.250587	70.000000	35.815289	-65.674721	0.0469669	0.094748
1.248630	70.000000	35.964046	-65.469276	0.0467286	0.0937905
1.246680	70.000000	36.075001	-65.604782	0.0466726	0.0935403
1.244737	70.000000	36.204132	-65.375229	0.0489962	0.097786
1.242799	70.000000	36.376095	-65.443031	0.0490837	0.0977353
1.240868	70.000000	36.474533	-65.350464	0.0502254	0.0997519
5.030387	75.000000	22.887177	-3.4247751	0.0393937	0.0661314
4.998222	75.000000	23.646099	-4.6770067	0.0399199	0.0649181
4.966466	75.000000	24.484602	-5.5886889	0.0398692	0.0626555
4.935110	75.000000	25.339649	-6.1912937	0.0395275	0.0600749
4.904146	75.000000	26.273714	-6.4434285	0.0405052	0.0593897
4.873568	75.000000	27.163919	-6.4585924	0.0415016	0.0588169
4.843369	75.000000	28.222443	-6.053884	0.0410588	0.0560546
4.813541	75.000000	29.150181	-5.6326652	0.0408355	0.0539919
4.784078	75.000000	30.078255	-4.6224475	0.041996	0.0537017
4.754972	75.000000	30.968006	-3.3945127	0.0419084	0.0520765
4.726219	75.000000	31.776615	-1.9542614	0.0424661	0.0514957
4.697810	75.000000	32.574516	-0.46599573	0.0452668	0.0536215
4.669741	75.000000	33.34166	1.4272866	0.0444323	0.0516742
4.642004	75.000000	33.940315	3.4630466	0.045467	0.0523218
4.614595	75.000000	34.403187	5.5565443	0.0448783	0.0514329
4.587507	75.000000	34.830402	7.8379779	0.0466212	0.0536609
4.560735	75.000000	34.973499	10.276824	0.0473984	0.055075
4.534273	75.000000	35.127708	12.505201	0.0474354	0.0559114
4.508116	75.000000	35.156517	14.85782	0.0484464	0.0583451
4.482259	75.000000	35.051659	17.070463	0.0478422	0.0589775
4.456696	75.000000	34.861683	19.192385	0.048388	0.061192
4.431423	75.000000	34.47311	21.254288	0.0488287	0.0635767
4.406435	75.000000	34.092552	23.287666	0.0491622	0.0660931
4.381727	75.000000	33.708138	25.036209	0.0503704	0.069766
4.357294	75.000000	33.263054	26.797602	0.0499082	0.0713326
4.333132	75.000000	32.629498	28.447464	0.0497835	0.0733985
4.309236	75.000000	32.057663	30.032642	0.05118	0.0780848
4.285602	75.000000	31.399212	31.330376	0.0512518	0.0805206
4.262225	75.000000	30.748491	32.377483	0.0506532	0.0822955
4.239102	75.000000	30.067535	33.6036	0.0525294	0.0878709
4.216228	75.000000	29.430267	34.476284	0.0522073	0.0899618
4.193600	75.000000	28.819935	35.409683	0.0519486	0.0924387
4.171213	75.000000	28.079956	36.169239	0.0538229	0.0984342
4.149064	75.000000	27.483252	36.703777	0.0540222	0.101446
4.127149	75.000000	26.90053	37.562969	0.0535536	0.103967
4.105463	75.000000	26.32633	38.068066	0.0530329	0.105611
4.084005	75.000000	25.717926	38.423168	0.0551975	0.11301
4.062769	75.000000	25.092697	39.059334	0.0550871	0.116313
4.041753	75.000000	24.474852	39.389015	0.0561086	0.12197
4.020953	75.000000	23.68582	39.939152	0.0571525	0.129381
4.000366	75.000000	23.28455	40.401054	0.0576787	0.133412
3.979989	75.000000	22.622919	40.799641	0.0578677	0.138382
3.959818	75.000000	22.099174	40.908897	0.0581615	0.142346
3.939851	75.000000	21.316225	40.958488	0.0575147	0.146467
3.920083	75.000000	20.807867	41.139687	0.058442	0.152745
3.900514	75.000000	20.233887	41.161533	0.0585999	0.157489
3.881138	75.000000	19.523428	41.182148	0.0588069	0.164112
3.861954	75.000000	18.829769	41.122459	0.0615593	0.178162
3.842959	75.000000	18.333426	41.088722	0.061451	0.182546
3.824150	75.000000	17.696997	40.716301	0.061907	0.190531
3.805523	75.000000	17.076941	40.310196	0.0628067	0.199122
3.787078	75.000000	16.469738	39.826336	0.0643931	0.210425
3.768810	75.000000	15.808295	39.692211	0.0641674	0.218534
3.750718	75.000000	15.464804	38.29805	0.0658328	0.227106
3.732799	75.000000	14.840879	37.796753	0.0660156	0.237168
3.715050	75.000000	14.19483	36.547344	0.069157	0.255691
3.697469	75.000000	13.613905	35.528774	0.0675115	0.258264
3.680054	75.000000	13.334495	34.052818	0.0720801	0.279686
3.662802	75.000000	12.971258	32.727657	0.0723422	0.286383
3.645711	75.000000	12.57406	31.579126	0.0718942	0.29118
3.628778	75.000000	12.204168	30.79689	0.0738128	0.305544
3.612003	75.000000	11.825443	29.649309	0.0757141	0.32371
3.595382	75.000000	11.569204	28.913433	0.0743512	0.32608
3.578913	75.000000	11.244815	28.959934	0.0764345	0.345862
3.562594	75.000000	11.143891	29.428963	0.077898	0.358218
3.546424	75.000000	10.449548	30.360878	0.0786895	0.389522
3.530400	75.000000	9.9152431	32.193851	0.0739748	0.394323
3.514520	75.000000	9.102417	35.251083	0.0747177	0.44372
3.498782	75.000000	8.0618792	38.04385	0.0721171	0.491936
3.483185	75.000000	6.7222524	44.026016	0.0709533	0.602455
3.467726	75.000000	4.9936719	52.24625	0.0687016	0.824619
3.452404	75.000000	3.0907044	73.681084	0.064735	1.36411
3.437217	75.000000	2.0183065	140.23793	0.0673037	1.85655
3.422163	75.000000	4.0497661	190.57753	0.0699653	0.864
3.407240	75.000000	7.0881186	210.52855	0.0644161	0.488655
3.392447	75.000000	10.346889	223.82697	0.0611941	0.341846
3.377782	75.000000	13.775446	234.65689	0.0586853	0.259144
3.363244	75.000000	16.680859	243.31624	0.0588508	0.221585
3.348830	75.000000	19.157198	251.50511	0.0665761	0.224829
3.334539	75.000000	21.1658	257.71277	0.0897669	0.279481
3.320370	75.000000	23.016537	264.24728	0.12824	0.371045
3.306321	75.000000	24.832891	-89.401604	0.161105	0.429612
3.292390	75.000000	26.644875	-85.214554	0.121006	0.306598
3.278576	75.000000	27.922621	-82.201958	0.0752886	0.1848
3.264878	75.000000	28.918779	-79.710045	0.0552311	0.132215
3.251294	75.000000	29.902216	-77.10067	0.0466837	0.109133
3.237823	75.000000	30.788815	-74.891083	0.0429792	0.0982524
3.224463	75.000000	31.811922	-72.50029	0.0425382	0.0951338
3.211213	75.000000	32.761292	-70.594208	0.0403592	0.0887352
3.198071	75.000000	33.69418	-69.122612	0.0394109	0.0854068
3.185037	75.000000	34.453938	-67.826904	0.0389348	0.0834477
3.172108	75.000000	35.287964	-66.471123	0.0387935	0.0822586
3.159285	75.000000	36.234791	-65.536583	0.0369289	0.0775224
3.146564	75.000000	37.073673	-64.585335	0.0369956	0.077186
3.133946	75.000000	37.948837	-63.809944	0.0350847	0.072787
3.121429	75.000000	38.900959	-63.143726	0.0347555	0.0715352
3.109011	75.000000	39.875641	-62.541237	0.0341701	0.0698299
3.096693	75.000000	40.834	-62.029888	0.0351301	0.0714174
3.084471	75.000000	41.926445	-61.566315	0.034355	0.0697484
3.072346	75.000000	43.085609	-61.091808	0.0340484	0.0692037
3.060316	75.000000	44.209877	-60.618687	0.0335528	0.0683806
3.048379	75.000000	45.529106	-60.388477	0.0343312	0.0700182
3.036536	75.000000	46.820068	-60.007648	0.0352685	0.0719502
3.024785	75.000000	48.255409	-59.6078	0.034975	0.071535
3.013124	75.000000	49.87455	-59.177563	0.0350725	0.0722677
3.001553	75.000000	51.373177	-58.779972	0.0352419	0.0736081
2.990070	75.000000	53.145031	-58.066109	0.0358938	0.0763972
2.978676	75.000000	54.963627	-57.106079	0.0361314	0.078674
2.967368	75.000000	56.91745	-56.268661	0.037109	0.0829204
2.956146	75.000000	58.998508	-54.949974	0.0368564	0.0849849
2.945008	75.000000	61.152939	-53.211277	0.0370273	0.088935
2.933954	75.000000	63.252182	-51.185448	0.0359896	0.0908867
2.922983	75.000000	65.407303	-48.442078	0.0370509	0.0998094
2.912094	75.000000	67.72229	-44.857567	0.0383024	0.112132
2.901286	75.000000	69.847748	-39.797005	0.0382959	0.123423
2.890558	75.000000	71.844826	-33.604324	0.0381188	0.136866
2.879909	75.000000	73.598976	-25.825089	0.0369556	0.147479
2.869339	75.000000	74.840492	-15.631673	0.037378	0.161695
2.858846	75.000000	75.514175	-4.6088786	0.0365096	0.164905
2.848429	75.000000	75.583923	7.1258483	0.0356182	0.16106
2.838089	75.000000	74.979652	18.21493	0.0356895	0.154718
2.827823	75.000000	73.804214	28.05274	0.0360399	0.144347
2.817631	75.000000	72.134758	36.059418	0.0335343	0.121121
2.807513	75.000000	70.322823	42.180782	0.0321908	0.105271
2.797468	75.000000	68.395348	46.745796	0.031639	0.0945453
2.787494	75.000000	66.46138	50.228657	0.0308554	0.085487
2.777592	75.000000	64.414803	52.975899	0.0295973	0.0767502
2.767759	75.000000	62.573246	54.961357	0.0289202	0.0713973
2.757996	75.000000	60.649837	56.478657	0.0277833	0.065753
2.748302	75.000000	58.861103	57.717579	0.026395	0.0604953
2.738676	75.000000	57.131931	58.703735	0.0255919	0.0571658
2.729118	75.000000	55.487152	59.467323	0.02471	0.0540418
2.719626	75.000000	53.961792	59.925728	0.0240172	0.0516135
2.710199	75.000000	52.518692	60.499928	0.0221748	0.0468511
2.700839	75.000000	51.170738	60.748722	0.0220327	0.0458948
2.691543	75.000000	49.933823	60.811287	0.0210308	0.0433627
2.682310	75.000000	48.753845	60.861511	0.020466	0.0419128
2.673142	75.000000	47.601051	61.043648	0.0199894	0.0408484
2.664035	75.000000	46.610062	61.070663	0.0190742	0.0390066
2.654991	75.000000	45.665981	61.049095	0.018814	0.0385379
2.646008	75.000000	44.737755	61.238262	0.0186223	0.0381813
2.637086	75.000000	43.842976	61.193748	0.0182886	0.0374508
2.628224	75.000000	43.075573	61.301548	0.0180068	0.0367721
2.619422	75.000000	42.309544	61.320644	0.0178263	0.0363025
2.610678	75.000000	41.579266	61.354446	0.0170969	0.0347779
2.601993	75.000000	40.874184	61.368919	0.0163388	0.033285
2.593365	75.000000	40.212101	61.322544	0.0162096	0.0331389
2.584795	75.000000	39.589161	61.300068	0.0159573	0.0328157
2.576281	75.000000	38.994587	61.45475	0.0154379	0.0319419
2.567824	75.000000	38.424465	61.548641	0.0151375	0.0314896
2.559422	75.000000	37.87656	61.620605	0.0141665	0.029588
2.551075	75.000000	37.379097	61.821854	0.0137298	0.0287514
2.542782	75.000000	36.940456	61.911705	0.0134123	0.0281196
2.534544	75.000000	36.435291	62.094013	0.0139843	0.0293738
2.526358	75.000000	35.946045	62.181355	0.0141749	0.0298523
2.518226	75.000000	35.447197	62.325169	0.0141514	0.0299467
2.510146	75.000000	35.010868	62.480457	0.0139399	0.029657
2.502118	75.000000	34.555538	62.661556	0.0136663	0.029261
2.494141	75.000000	34.110111	62.845081	0.0131862	0.0284359
2.486215	75.000000	33.734879	63.05566	0.0132496	0.0287454
2.478339	75.000000	33.327236	63.313763	0.0127818	0.0278907
2.470513	75.000000	32.892052	63.562496	0.0126964	0.0278777
2.462737	75.000000	32.557934	63.82563	0.0129165	0.0284815
2.455010	75.000000	32.164898	64.169197	0.0126156	0.0279783
2.447331	75.000000	31.766174	64.414246	0.0123062	0.027475
2.439700	75.000000	31.369633	64.737602	0.0124648	0.0280293
2.432117	75.000000	31.004745	64.984261	0.0125028	0.0283136
2.424581	75.000000	30.604055	65.242767	0.0120327	0.0274741
2.417092	75.000000	30.222534	65.604187	0.0121111	0.0278823
2.409649	75.000000	29.8554	65.865105	0.0121246	0.0281264
2.402252	75.000000	29.478863	66.166573	0.0117182	0.027403
2.394900	75.000000	29.129292	66.631889	0.0116201	0.0273741
2.387594	75.000000	28.760803	66.982506	0.0114765	0.0272748
2.380332	75.000000	28.404797	67.348267	0.0116676	0.0280034
2.373114	75.000000	28.064325	67.743393	0.0117734	0.028533
2.365940	75.000000	27.717875	68.13871	0.011421	0.0279995
2.358809	75.000000	27.324295	68.547188	0.0112363	0.0279101
2.351722	75.000000	26.948175	68.941605	0.0110785	0.0278811
2.344677	75.000000	26.575466	69.249435	0.0111083	0.0282965
2.337674	75.000000	26.211323	69.695732	0.0110059	0.0283577
2.330713	75.000000	25.836615	70.090248	0.0108605	0.0282977
2.323794	75.000000	25.456829	70.468216	0.0106787	0.0281264
2.316916	75.000000	25.097141	70.922081	0.0104005	0.0276921
2.310078	75.000000	24.744528	71.348473	0.0103597	0.0278888
2.303281	75.000000	24.388628	71.848755	0.0102924	0.0280553
2.296525	75.000000	24.023642	72.286743	0.0101922	0.0282144
2.289807	75.000000	23.65139	72.782494	0.0100903	0.0284164
2.283129	75.000000	23.272757	73.18335	0.00996331	0.0286107
2.276490	75.000000	22.905857	73.678719	0.00992858	0.0290654
2.269890	75.000000	22.535831	74.138237	0.00978351	0.0292078
2.263328	75.000000	22.14097	74.533463	0.0101081	0.0308007
2.256804	75.000000	21.731489	74.956429	0.0116431	0.0361931
2.250318	75.000000	21.306025	75.449081	0.0133979	0.0424271
2.243869	75.000000	20.823357	75.944817	0.0151729	0.0490444
2.237457	75.000000	20.412844	76.592812	0.0143889	0.0473711
2.231082	75.000000	20.075741	77.061829	0.0117881	0.0394013
2.224743	75.000000	19.783367	77.465424	0.0104621	0.0354419
2.218440	75.000000	19.452047	77.94529	0.00975702	0.0336262
2.212174	75.000000	19.110304	78.400429	0.0096903	0.0340783
2.205942	75.000000	18.749481	78.893845	0.00929504	0.0334631
2.199746	75.000000	18.367292	79.416756	0.00954169	0.035292
2.193584	75.000000	17.967436	79.920097	0.00917727	0.03498
2.187457	75.000000	17.562435	80.433113	0.00896269	0.035228
2.181365	75.000000	17.137486	81.032303	0.00887577	0.0360263
2.175306	75.000000	16.71995	81.567932	0.00863445	0.0361282
2.169282	75.000000	16.332512	82.067429	0.00857109	0.0368638
2.163290	75.000000	15.952201	82.647324	0.00836669	0.0368914
2.157332	75.000000	15.544412	83.219467	0.00821369	0.0371903
2.151407	75.000000	15.12379	83.757957	0.00782978	0.0364328
2.145514	75.000000	14.723427	84.274544	0.00790896	0.0377421
2.139654	75.000000	14.339147	84.855354	0.00780073	0.0381981
2.133825	75.000000	13.93546	85.466217	0.00756976	0.0381764
2.128029	75.000000	13.558996	85.962173	0.00765711	0.0398281
2.122264	75.000000	13.178859	86.602196	0.00755698	0.0406785
2.116531	75.000000	12.781343	87.232971	0.00752106	0.0420843
2.110828	75.000000	12.38507	87.876732	0.00765325	0.0446455
2.105157	75.000000	11.98758	88.477028	0.00775695	0.0472692
2.099515	75.000000	11.57719	89.120178	0.00762742	0.0486558
2.093904	75.000000	11.15184	89.845406	0.00755744	0.0505779
2.088324	75.000000	10.744116	90.427528	0.00728161	0.0510217
2.082773	75.000000	10.342708	91.207336	0.00723267	0.0529654
2.077252	75.000000	9.9212255	91.927635	0.00718645	0.0550765
2.071760	75.000000	9.532959	92.694489	0.00717098	0.057236
2.066297	75.000000	9.1331301	93.465759	0.00704687	0.058672
2.060863	75.000000	8.7222519	94.163841	0.00703955	0.0612695
2.055458	75.000000	8.3284407	95.009026	0.00700579	0.0637072
2.050081	75.000000	7.9298725	95.938171	0.00699072	0.0666745
2.044732	75.000000	7.5448976	96.760353	0.0069869	0.0699845
2.039412	75.000000	7.1345797	97.820198	0.00690602	0.0732652
2.034119	75.000000	6.7378535	98.875099	0.00691836	0.0779586
2.028854	75.000000	6.3516388	99.823097	0.00696304	0.0836747
2.023616	75.000000	5.9569178	100.90485	0.00686865	0.0885051
2.018405	75.000000	5.5699487	102.25294	0.00677733	0.0938596
2.013221	75.000000	5.195539	103.56274	0.00673508	0.100362
2.008064	75.000000	4.8007255	105.32793	0.00676416	0.109059
2.002933	75.000000	4.4126568	107.10345	0.00668953	0.116784
1.997829	75.000000	4.0447569	108.90113	0.00666807	0.126094
1.992751	75.000000	3.6589592	111.32152	0.00651832	0.133972
1.987698	75.000000	3.3056967	113.81307	0.00659158	0.146665
1.982672	75.000000	2.9445002	117.18697	0.00676728	0.163365
1.977671	75.000000	2.5986817	121.00413	0.00686908	0.180031
1.972695	75.000000	2.2643275	126.15002	0.00697867	0.197297
1.967744	75.000000	1.9482963	132.80437	0.0071266	0.21554
1.962819	75.000000	1.6790589	141.16243	0.00761104	0.240531
1.957918	75.000000	1.4477621	152.77885	0.00814724	0.261042
1.953041	75.000000	1.2966857	167.71179	0.00874849	0.27476
1.948190	75.000000	1.2390678	184.85028	0.00888335	0.281972
1.943362	75.000000	1.2804972	201.64774	0.0084679	0.287425
1.938558	75.000000	1.4314566	217.00264	0.00763881	0.275684
1.933778	75.000000	1.6541567	228.28831	0.00697265	0.252439
1.929022	75.000000	1.9125681	237.16571	0.00661743	0.233592
1.924289	75.000000	2.2105308	243.31982	0.00642937	0.21255
1.919580	75.000000	2.5171876	248.45161	0.00638086	0.197471
1.914894	75.000000	2.8350971	252.55991	0.00603389	0.173635
1.910231	75.000000	3.1605217	255.59631	0.00604971	0.161103
1.905590	75.000000	3.4793458	258.41177	0.00592554	0.146877
1.900973	75.000000	3.8267703	260.42154	0.00578182	0.132108
1.896377	75.000000	4.1885481	262.46854	0.00552477	0.116625
1.891804	75.000000	4.4851975	264.07785	0.00488247	0.0969043
1.887253	75.000000	4.7128592	265.01657	0.00479867	0.0909396
1.882725	75.000000	4.9966087	266.47073	0.00511133	0.0913908
1.878218	75.000000	5.3950305	268.04105	0.00554752	0.0914256
1.873733	75.000000	5.7796392	269.25235	0.00580163	0.0888189
1.869269	75.000000	6.116817	-89.877731	0.00579126	0.0836621
1.864827	75.000000	6.4246192	-89.00354	0.00576787	0.0791643
1.860405	75.000000	6.7334051	-87.962227	0.00573448	0.0750709
1.856006	75.000000	7.0676532	-87.163483	0.00579439	0.0722274
1.851626	75.000000	7.3904581	-86.351753	0.00567267	0.0676384
1.847268	75.000000	7.7032862	-85.555359	0.0057956	0.0664355
1.842930	75.000000	8.016552	-84.937775	0.00579213	0.0638962
1.838613	75.000000	8.3129511	-84.207573	0.0058118	0.0619194
1.834316	75.000000	8.6425028	-83.497246	0.00592247	0.0607125
1.830040	75.000000	8.9233255	-83.008812	0.00582124	0.0579138
1.825783	75.000000	9.2241211	-82.403191	0.0058192	0.0560015
1.821546	75.000000	9.5186081	-81.7883	0.00574424	0.0534784
1.817329	75.000000	9.8086281	-81.208282	0.00578045	0.0520645
1.813132	75.000000	10.096519	-80.684258	0.00593244	0.0517221
1.808954	75.000000	10.395541	-80.154709	0.00599754	0.0505147
1.804796	75.000000	10.683901	-79.688164	0.00584708	0.0476388
1.800657	75.000000	10.954179	-79.179474	0.00584414	0.0461453
1.796537	75.000000	11.235954	-78.656746	0.00597168	0.0456371
1.792436	75.000000	11.518264	-78.180305	0.00612304	0.0453171
1.788354	75.000000	11.805654	-77.764198	0.00607924	0.0435841
1.784290	75.000000	12.066567	-77.247963	0.00598987	0.0417268
1.780245	75.000000	12.338111	-76.942451	0.00602581	0.0408299
1.776219	75.000000	12.597086	-76.484512	0.00598458	0.0394801
1.772211	75.000000	12.868196	-76.03228	0.00612166	0.0393215
1.768221	75.000000	13.138535	-75.693581	0.00604776	0.0378806
1.764249	75.000000	13.388246	-75.224037	0.00603266	0.0369353
1.760295	75.000000	13.654923	-74.848106	0.00619373	0.0370514
1.756359	75.000000	13.91541	-74.604446	0.0063364	0.0371181
1.752441	75.000000	14.173985	-74.06028	0.00627165	0.0359084
1.748540	75.000000	14.419304	-73.731636	0.00633136	0.0355414
1.744657	75.000000	14.659979	-73.380669	0.00634527	0.0349476
1.740791	75.000000	14.913205	-72.939575	0.00630393	0.0339999
1.736943	75.000000	15.157911	-72.627632	0.00634233	0.033545
1.733111	75.000000	15.40654	-72.281601	0.00626238	0.0324724
1.729297	75.000000	15.619438	-71.910629	0.00643361	0.0327766
1.725500	75.000000	15.850388	-71.562416	0.00659518	0.0329726
1.721719	75.000000	16.09429	-71.264503	0.00657196	0.0322032
1.717955	75.000000	16.323988	-70.918022	0.0066025	0.0317345
1.714208	75.000000	16.547855	-70.617798	0.00675858	0.0318997
1.710477	75.000000	16.778841	-70.273605	0.00673961	0.0311805
1.706762	75.000000	16.976341	-69.989365	0.00664487	0.0302414
1.703064	75.000000	17.193375	-69.687584	0.00692924	0.0309829
1.699382	75.000000	17.38938	-69.404915	0.00745194	0.0327991
1.695716	75.000000	17.599621	-69.15667	0.00840461	0.036383
1.692066	75.000000	17.836233	-68.827736	0.0102946	0.0436555
1.688432	75.000000	18.105486	-68.399551	0.00960466	0.0399064
1.684814	75.000000	18.278028	-68.258911	0.00808613	0.0331967
1.681211	75.000000	18.416697	-67.978035	0.00729505	0.029633
1.677624	75.000000	18.595762	-67.757118	0.00708838	0.0284329
1.674052	75.000000	18.80003	-67.478683	0.00704549	0.0278606
1.670495	75.000000	19.013889	-67.171448	0.00714316	0.0278046
1.666954	75.000000	19.219078	-66.908043	0.00726568	0.0278797
1.663428	75.000000	19.409893	-66.652557	0.00736732	0.0279062
1.659917	75.000000	19.613289	-66.406532	0.00750146	0.0280265
1.656421	75.000000	19.79327	-66.122284	0.00762629	0.0281491
1.652940	75.000000	19.986952	-65.852341	0.0076065	0.0277159
1.649474	75.000000	20.189371	-65.667221	0.00751198	0.0270261
1.646022	75.000000	20.362635	-65.436371	0.00785362	0.0279383
1.642585	75.000000	20.549194	-65.131531	0.0076563	0.0268939
1.639163	75.000000	20.729628	-64.865982	0.00752513	0.0261065
1.635755	75.000000	20.921875	-64.596558	0.00771012	0.0263921
1.632361	75.000000	21.118979	-64.373215	0.00787372	0.0266178
1.628981	75.000000	21.286083	-64.181274	0.00793729	0.0265512
1.625616	75.000000	21.450584	-63.911419	0.00818197	0.0270681
1.622264	75.000000	21.637623	-63.668541	0.00823599	0.0269106
1.618927	75.000000	21.814768	-63.492954	0.00830011	0.0268174
1.615603	75.000000	21.995205	-63.275772	0.00837844	0.0267666
1.612294	75.000000	22.146788	-63.02169	0.00817614	0.0258677
1.608998	75.000000	22.310728	-62.83736	0.0081333	0.0254603
1.605715	75.000000	22.487106	-62.582817	0.00841859	0.0260551
1.602446	75.000000	22.643614	-62.367565	0.00841102	0.0257739
1.599191	75.000000	22.805592	-62.171165	0.00868274	0.0263264
1.595949	75.000000	22.97168	-61.986996	0.00853005	0.0256162
1.592720	75.000000	23.137049	-61.7593	0.00859445	0.0255531
1.589505	75.000000	23.293758	-61.497932	0.00881222	0.025946
1.586303	75.000000	23.463572	-61.358982	0.0086979	0.0253606
1.583113	75.000000	23.610046	-61.206547	0.00852737	0.0246507
1.579937	75.000000	23.775633	-60.933483	0.0085139	0.0243752
1.576774	75.000000	23.928349	-60.776844	0.00870843	0.0247321
1.573623	75.000000	24.055252	-60.610722	0.00919414	0.0259057
1.570485	75.000000	24.224913	-60.398472	0.00934741	0.0260858
1.567360	75.000000	24.389368	-60.242931	0.0093886	0.0259858
1.564248	75.000000	24.509026	-60.010532	0.00915792	0.0251504
1.561148	75.000000	24.66914	-59.879143	0.00945455	0.0257549
1.558060	75.000000	24.821276	-59.641773	0.00978655	0.0264197
1.554985	75.000000	24.963928	-59.462158	0.00941077	0.0252092
1.551922	75.000000	25.086891	-59.290028	0.00952824	0.0253436
1.548872	75.000000	25.247625	-59.119556	0.0100836	0.0265884
1.545833	75.000000	25.372122	-59.023483	0.0096818	0.0253604
1.542807	75.000000	25.506672	-58.813599	0.00964847	0.0250898
1.539793	75.000000	25.667004	-58.663441	0.0103466	0.0266888
1.536790	75.000000	25.783747	-58.481358	0.0100056	0.0256259
1.533800	75.000000	25.927338	-58.306908	0.0102451	0.0260497
1.530821	75.000000	26.067959	-58.118484	0.010355	0.0261335
1.527854	75.000000	26.211315	-57.946365	0.0102445	0.0256628
1.524899	75.000000	26.337337	-57.817307	0.0103459	0.025735
1.521955	75.000000	26.470253	-57.659615	0.0106073	0.0262251
1.519023	75.000000	26.6001	-57.49617	0.0107379	0.0263517
1.516103	75.000000	26.72971	-57.3214	0.0107056	0.026097
1.513194	75.000000	26.887344	-57.192135	0.0107002	0.0259016
1.510296	75.000000	26.987902	-57.065594	0.0107662	0.0259267
1.507409	75.000000	27.138243	-56.907352	0.011095	0.0265187
1.504534	75.000000	27.233362	-56.773823	0.010827	0.0257533
1.501670	75.000000	27.379173	-56.648319	0.0110973	0.026232
1.498816	75.000000	27.475956	-56.538464	0.0110359	0.0259569
1.495974	75.000000	27.615154	-56.317898	0.0112707	0.0263018
1.493143	75.000000	27.741713	-56.201866	0.0111712	0.0259155
1.490323	75.000000	27.875299	-56.145782	0.0110707	0.0255578
1.487514	75.000000	28.000116	-55.939976	0.011648	0.0267264
1.484715	75.000000	28.123692	-55.800293	0.011504	0.0262224
1.481927	75.000000	28.226223	-55.69643	0.0118405	0.0268531
1.479150	75.000000	28.383369	-55.51054	0.0120054	0.0270388
1.476383	75.000000	28.470619	-55.438969	0.0119452	0.0268021
1.473627	75.000000	28.593559	-55.28735	0.0119101	0.0265648
1.470882	75.000000	28.737427	-55.178028	0.0121635	0.0269479
1.468146	75.000000	28.838987	-55.074986	0.0121955	0.0268894
1.465422	75.000000	29.000378	-54.929855	0.0124697	0.0273113
1.462707	75.000000	29.072723	-54.823372	0.0126437	0.027595
1.460003	75.000000	29.194546	-54.645031	0.0127268	0.0275929
1.457309	75.000000	29.301374	-54.551941	0.0130511	0.0281539
1.454625	75.000000	29.423143	-54.404179	0.0127393	0.0273312
1.451951	75.000000	29.533134	-54.317066	0.0133191	0.0284718
1.449287	75.000000	29.628998	-54.134552	0.0130839	0.0278353
1.446633	75.000000	29.750172	-54.092747	0.0132248	0.0280091
1.443989	75.000000	29.896486	-53.950905	0.0133414	0.0280696
1.441356	75.000000	29.995192	-53.855457	0.0136227	0.0285227
1.438731	75.000000	30.108923	-53.733868	0.0139147	0.0289929
1.436117	75.000000	30.197512	-53.676243	0.013838	0.0287391
1.433512	75.000000	30.323006	-53.562733	0.0142559	0.0294693
1.430917	75.000000	30.455297	-53.445461	0.0146333	0.0301195
1.428332	75.000000	30.55797	-53.360718	0.0143232	0.0293653
1.425755	75.000000	30.652601	-53.250549	0.0139053	0.028383
1.423189	75.000000	30.794149	-53.133453	0.0143488	0.029112
1.420632	75.000000	30.900759	-53.008411	0.01506	0.030437
1.418085	75.000000	30.990314	-52.927887	0.0151116	0.0304226
1.415546	75.000000	31.117874	-52.806599	0.0152596	0.0305764
1.413017	75.000000	31.213135	-52.763802	0.0147343	0.0294208
1.410498	75.000000	31.318642	-52.648117	0.0150293	0.0299242
1.407987	75.000000	31.446255	-52.530289	0.0155636	0.0307914
1.405486	75.000000	31.541582	-52.534542	0.015824	0.0312463
1.402994	75.000000	31.637505	-52.354809	0.015698	0.0308538
1.400511	75.000000	31.749138	-52.269089	0.0157161	0.0307796
1.398036	75.000000	31.880547	-52.206795	0.0160452	0.0313154
1.395571	75.000000	31.996885	-52.063187	0.0160086	0.0310753
1.393115	75.000000	32.083485	-51.973713	0.0158473	0.0306452
1.390667	75.000000	32.199898	-51.90202	0.0160942	0.0309788
1.388229	75.000000	32.338997	-51.828484	0.0159373	0.0305481
1.385799	75.000000	32.386337	-51.78009	0.0166077	0.0317725
1.383378	75.000000	32.50087	-51.655491	0.017181	0.0327249
1.380966	75.000000	32.639805	-51.552162	0.0174362	0.0330381
1.378562	75.000000	32.733093	-51.519119	0.0173689	0.0328353
1.376167	75.000000	32.823792	-51.404877	0.0174697	0.032882
1.373780	75.000000	32.948338	-51.336872	0.0178579	0.0334997
1.371402	75.000000	33.09938	-51.259022	0.0183628	0.0342982
1.369032	75.000000	33.204918	-51.174561	0.0184501	0.0343286
1.366671	75.000000	33.273964	-51.08971	0.0184311	0.0341732
1.364318	75.000000	33.388508	-50.998016	0.0185248	0.0342355
1.361974	75.000000	33.476074	-50.897514	0.0187736	0.0345885
1.359638	75.000000	33.578289	-50.842628	0.0190486	0.0349642
1.357310	75.000000	33.71405	-50.720039	0.0197639	0.0361108
1.354990	75.000000	33.854225	-50.685303	0.0196312	0.0357334
1.352679	75.000000	33.924446	-50.594551	0.0197086	0.0357597
1.350375	75.000000	34.027	-50.526264	0.0198948	0.0359975
1.348080	75.000000	34.121925	-50.476448	0.0200396	0.0361647
1.345793	75.000000	34.213486	-50.421211	0.0203977	0.0367025
1.343513	75.000000	34.303612	-50.389385	0.0222004	0.0398635
1.341242	75.000000	34.472652	-50.236267	0.0218242	0.0389464
1.338978	75.000000	34.536537	-50.170128	0.0215409	0.0383921
1.336723	75.000000	34.657612	-50.089188	0.0222426	0.0394873
1.334475	75.000000	34.746712	-50.035446	0.0225274	0.0398742
1.332236	75.000000	34.872025	-50.050728	0.0231732	0.0409874
1.330003	75.000000	34.952446	-49.870235	0.0242279	0.0426278
1.327779	75.000000	35.041374	-49.875751	0.0250127	0.0439568
1.325562	75.000000	35.159416	-49.710075	0.0264698	0.0463381
1.323354	75.000000	35.286705	-49.770123	0.0277695	0.0485336
1.321152	75.000000	35.367947	-49.616943	0.0302912	0.0527928
1.318958	75.000000	35.467659	-49.638103	0.0317699	0.0551995
1.316772	75.000000	35.488281	-49.509422	0.0328082	0.0569368
1.314593	75.000000	35.679665	-49.489918	0.034242	0.0591986
1.312422	75.000000	35.786366	-49.472549	0.0344377	0.0593513
1.310258	75.000000	35.848583	-49.238087	0.0351763	0.0604359
1.308102	75.000000	36.051258	-49.16383	0.0343612	0.0587372
1.305953	75.000000	36.187119	-49.185535	0.0332409	0.0567421
1.303811	75.000000	36.252167	-49.074734	0.032582	0.0554032
1.301677	75.000000	36.332932	-49.004688	0.0328197	0.0556395
1.299549	75.000000	36.483345	-49.047695	0.0324922	0.055065
1.297430	75.000000	36.592808	-48.900757	0.0330705	0.0557927
1.295317	75.000000	36.747288	-48.886036	0.0328482	0.0552588
1.293211	75.000000	36.835915	-48.788204	0.0330832	0.055513
1.291113	75.000000	36.940857	-48.71843	0.0321976	0.0538265
1.289021	75.000000	37.084568	-48.689548	0.0323379	0.0539405
1.286937	75.000000	37.167717	-48.494297	0.0330421	0.0549027
1.284859	75.000000	37.305756	-48.598225	0.0324992	0.0540342
1.282789	75.000000	37.428452	-48.468758	0.032855	0.0543401
1.280726	75.000000	37.444084	-48.488976	0.0318809	0.0527314
1.278669	75.000000	37.588905	-48.386826	0.0319162	0.0526323
1.276620	75.000000	37.696831	-48.371696	0.0330676	0.0543538
1.274577	75.000000	37.809399	-48.254837	0.0339934	0.0557488
1.272541	75.000000	37.9403	-48.220757	0.035159	0.0575587
1.270512	75.000000	38.05991	-48.062042	0.0365577	0.0595663
1.268489	75.000000	38.192608	-48.111736	0.0370533	0.0602738
1.266474	75.000000	38.289333	-48.03228	0.0365855	0.0594609
1.264465	75.000000	38.431801	-48.070728	0.0366706	0.0595411
1.262462	75.000000	38.525795	-47.92651	0.0374786	0.060521
1.260467	75.000000	38.716251	-47.777599	0.0375944	0.0604428
1.258478	75.000000	38.76355	-47.957985	0.0377405	0.0607385
1.256495	75.000000	38.758728	-47.848465	0.0390708	0.0628274
1.254519	75.000000	38.951111	-47.630253	0.0404552	0.064705
1.252550	75.000000	39.066689	-47.648331	0.0417106	0.0666688
1.250587	75.000000	39.230907	-47.427029	0.0429303	0.0683219
1.248630	75.000000	39.257523	-47.595455	0.0414112	0.0659609
1.246680	75.000000	39.366989	-47.460632	0.0412537	0.0654722
1.244737	75.000000	39.543194	-47.460251	0.0436584	0.0692307
1.242799	75.000000	39.721992	-47.26841	0.0447715	0.0706682
1.240868	75.000000	39.777683	-47.130775	0.0448533	0.0706274